1 1.2323408383116428 1.3219644270934277 1.575453972164278
2 1.1610244797581324 1.2481464629485965 1.3780296646941386
3 1.1483987587927853 1.213638077357651 1.3566248259971614
4 1.1257372415063462 1.176117739343998 1.2349045038626247
5 1.1814755007572644 1.2373845173070657 1.305366985684294
6 1.1631015978261616 1.2130148174278153 1.331716299683947
7 1.1756141984204065 1.2705364892175826 1.3972321024042738
8 1.162698899513719 1.2461542543561182 1.3192527821771676
9 1.21051473718334 1.2802997143457164 1.5595573146671162
10 1.2511871670230335 1.3263310064953717 1.4251858747427693
11 1.1915809222771074 1.2745332314991635 1.475856309466218
12 1.219106165062929 1.2993280258927689 1.4777330101934658
13 1.154649880828434 1.2268413981112622 1.359887087202341
14 1.3212394896283028 1.400951508956386 1.5183864373056575
15 1.392389049298368 1.500763110573382 1.6502716634712133
16 1.5082985619535267 1.6556631496214593 1.8510446099248958
17 1.6118483084271118 1.8164188120638851 1.9898053521980028
18 1.2210047506466295 1.2836143197797272 1.4418298235227143
19 1.9524121595730977 2.0980160945882957 2.204277260384554
20 1.4177066252417594 1.5508751861347605 1.7381266244052966
21 1.3835260613864004 1.4646348233423092 1.6301389088461762
22 2.0448358510223548 2.2240282474450543 2.372997238640942
X 1.1829016833479127 1.2360050569252428 1.3367061189629632