#N: 3053
#c i v
 0      0 -4.54321e+00 
 0      1 -4.19362e+00 
 0      2 -3.91838e+00 
 0      3 -3.45877e+00 
 0      4 +3.87574e-01 
 0      5 -1.95808e-01 
 0      6 -3.84868e+00 
 0      7 -2.33654e+00 
 0      8 -3.40265e+00 
 0      9 -4.03542e+00 
 0     10 -4.21137e+00 
 0     11 -4.05879e+00 
 0     12 -2.60501e+00 
 0     13 -8.94049e-01 
 0     14 -1.61932e-01 
 0     15 -2.90113e+00 
 0     16 -4.24930e+00 
 0     17 -3.88634e+00 
 0     18 -3.12048e+00 
 0     19 -4.09829e+00 
 0     20 -3.12963e+00 
 0     21 -3.96885e+00 
 0     22 -4.29797e+00 
 0     23 -4.16554e+00 
 0     24 -4.24563e+00 
 0     25 -4.17227e+00 
 0     26 -4.15041e+00 
 0     27 -4.16164e+00 
 0     28 -4.08450e+00 
 0     29 -3.63584e+00 
 0     30 -2.36131e+00 
 0     31 -4.06491e+00 
 0     32 -3.98726e+00 
 0     33 -3.66733e+00 
 0     34 +1.87790e-01 
 0     35 -2.89440e+00 
 0     36 -4.13574e+00 
 0     37 -3.18472e+00 
 0     38 -3.43179e+00 
 0     39 -3.23584e+00 
 0     40 -4.00078e+00 
 0     41 -3.79970e+00 
 0     42 -2.30990e+00 
 0     43 -3.73778e+00 
 0     44 -4.02295e+00 
 0     45 -3.77570e+00 
 0     46 -3.97051e+00 
 0     47 -9.74589e-01 
 0     48 +6.82045e-01 
 0     49 +2.32194e+00 
 0     50 +1.66812e+00 
 0     51 -2.25311e+00 
 0     52 -4.02466e+00 
 0     53 -4.08620e+00 
 0     54 -4.04925e+00 
 0     55 -1.86585e+00 
 0     56 +1.60859e+00 
 0     57 +1.61249e+00 
 0     58 +1.63942e+00 
 0     59 +4.64247e-01 
 0     60 +2.00653e+00 
 0     61 -1.12012e+00 
 0     62 -2.39647e+00 
 0     63 -2.19408e+00 
 0     64 +4.14630e-01 
 0     65 -6.42354e-01 
 0     66 +2.02677e+00 
 0     67 -2.36966e-01 
 0     68 -6.58839e-01 
 0     69 +3.30139e-01 
 0     70 -5.10855e-01 
 0     71 +1.19082e+00 
 0     72 +1.73890e+00 
 0     73 +1.80886e+00 
 0     74 +2.23379e+00 
 0     75 +1.98136e+00 
 0     76 +2.16328e+00 
 0     77 +2.30874e+00 
 0     78 +2.78436e-01 
 0     79 +2.74672e+00 
 0     80 +2.11316e+00 
 0     81 -1.07434e+00 
 0     82 -1.29541e+00 
 0     83 +3.19789e-01 
 0     84 -3.59736e-01 
 0     85 -2.72946e+00 
 0     86 +1.21995e-01 
 0     87 -1.79715e+00 
 0     88 -1.53320e+00 
 0     89 +2.57368e-02 
 0     90 -5.79792e-01 
 0     91 +2.32438e-01 
 0     92 -1.26748e-01 
 0     93 -2.43867e+00 
 0     94 -1.68015e+00 
 0     95 -2.58666e+00 
 0     96 -1.32718e+00 
 0     97 +3.67905e-01 
 0     98 +2.35611e+00 
 0     99 +1.01764e+00 
 0    100 -1.78796e+00 
 0    101 -8.68368e-01 
 0    102 +1.40042e+00 
 0    103 +1.44278e+00 
 0    104 +2.28543e+00 
 0    105 +2.81282e+00 
 0    106 +2.86843e+00 
 0    107 +2.33211e+00 
 0    108 +1.81895e+00 
 0    109 -2.99771e+00 
 0    110 -3.88603e+00 
 0    111 -1.13869e+00 
 0    112 -1.43363e+00 
 0    113 -2.75235e+00 
 0    114 -1.59905e+00 
 0    115 +8.87869e-02 
 0    116 -1.89491e+00 
 0    117 -2.11623e+00 
 0    118 +5.22545e-01 
 0    119 +2.99993e-01 
 0    120 -3.05535e+00 
 0    121 -1.26889e+00 
 0    122          NaN 
 0    123          NaN 
 0    124          NaN 
 0    125          NaN 
 0    126          NaN 
 0    127          NaN 
 0    128          NaN 
 0    129          NaN 
 0    130          NaN 
 0    131          NaN 
 0    132          NaN 
 0    133          NaN 
 0    134          NaN 
 0    135          NaN 
 0    136          NaN 
 0    137          NaN 
 0    138          NaN 
 0    139          NaN 
 0    140          NaN 
 0    141          NaN 
 0    142          NaN 
 0    143          NaN 
 0    144 -3.20662e+00 
 0    145 -3.32419e+00 
 0    146 -8.58304e-01 
 0    147 -2.01094e+00 
 0    148          NaN 
 0    149 -3.38718e+00 
 0    150 -4.05776e+00 
 0    151 -3.69290e+00 
 0    152 +5.95028e-01 
 0    153 -2.41433e+00 
 0    154 -4.27869e+00 
 0    155 -3.97930e+00 
 0    156 -4.06645e+00 
 0    157 +3.81837e-01 
 0    158 +1.79630e+00 
 0    159 +7.60075e-01 
 0    160 -2.05772e+00 
 0    161 -2.57226e+00 
 0    162 -3.71078e-01 
 0    163 +1.06526e+00 
 0    164 +3.37451e-01 
 0    165 -1.53289e-01 
 0    166 +8.95429e-01 
 0    167 -2.70006e+00 
 0    168 -5.94986e-02 
 0    169 +3.32263e-01 
 0    170 +9.78066e-01 
 0    171 +4.10676e-01 
 0    172 +1.55264e+00 
 0    173 +9.15195e-02 
 0    174 +1.35218e+00 
 0    175 -6.81427e-01 
 0    176 +1.46298e+00 
 0    177 +1.47323e+00 
 0    178 -6.88508e-01 
 0    179 -1.47121e+00 
 0    180 -2.54721e+00 
 0    181 +7.92958e-01 
 0    182 -1.31831e+00 
 0    183 -2.98377e+00 
 0    184 -4.63926e-01 
 0    185 +1.34412e+00 
 0    186 +1.52366e+00 
 0    187 +2.04938e+00 
 0    188 +1.40477e+00 
 0    189 +1.67497e+00 
 0    190 +2.43318e+00 
 0    191 +3.00075e+00 
 0    192 +8.31975e-01 
 0    193 +1.68432e+00 
 0    194 +3.43113e+00 
 0    195 +2.67371e+00 
 0    196 +2.71565e+00 
 0    197 +2.72816e-01 
 0    198 +7.59100e-01 
 0    199 -5.82001e-01 
 0    200 -3.50436e+00 
 0    201 -3.87840e+00 
 0    202 -4.10685e+00 
 0    203 -3.75973e+00 
 0    204 -3.78760e+00 
 0    205 -4.08838e+00 
 0    206 -2.86175e+00 
 0    207 +1.18764e-01 
 0    208 +8.40994e-01 
 0    209 +1.23560e+00 
 0    210 +5.43762e-01 
 0    211 -1.20653e+00 
 0    212 -3.44938e+00 
 0    213 -5.87965e-01 
 0    214 -7.15625e-01 
 0    215 +8.96262e-01 
 0    216 +1.41647e+00 
 0    217 +7.69325e-01 
 0    218 +5.85181e-01 
 0    219 +3.93286e-01 
 0    220 -7.06152e-01 
 0    221 +2.65469e+00 
 0    222 +1.64015e+00 
 0    223 +1.42918e-01 
 0    224 -2.45913e+00 
 0    225 -1.13356e+00 
 0    226 -3.96353e+00 
 0    227 -2.49280e+00 
 0    228 -3.32214e+00 
 0    229 -2.09273e+00 
 0    230 -5.44893e-01 
 0    231 -1.88549e-01 
 0    232 +1.41162e-01 
 0    233 +1.26397e+00 
 0    234 -1.54324e-02 
 0    235 -3.01338e+00 
 0    236 -1.28317e+00 
 0    237 +1.27426e+00 
 0    238 +5.13556e-02 
 0    239 +2.19465e+00 
 0    240 +1.51495e+00 
 0    241 +1.90692e+00 
 0    242 -1.08514e+00 
 0    243 -1.12968e+00 
 0    244 -1.01275e+00 
 0    245 +5.65104e-01 
 0    246 -7.06542e-01 
 0    247 +1.06480e+00 
 0    248 +3.49379e+00 
 0    249          NaN 
 1    250 +2.25842e-01 
 1    251 +3.52167e-01 
 1    252 +2.21115e+00 
 1    253 -8.24452e-01 
 1    254 +2.82848e+00 
 1    255 +2.74571e+00 
 1    256 +2.37937e+00 
 1    257 +2.18931e+00 
 1    258 +1.03125e+00 
 1    259 -3.06370e+00 
 1    260 -3.74328e+00 
 1    261 -1.69907e+00 
 1    262 +2.61736e+00 
 1    263 +2.49977e+00 
 1    264 +1.96168e+00 
 1    265 -3.56624e-01 
 1    266 +1.16653e+00 
 1    267 +1.74873e+00 
 1    268 +1.14224e+00 
 1    269 +1.59976e+00 
 1    270 -2.34031e+00 
 1    271 +1.91580e+00 
 1    272 +2.94661e+00 
 1    273 -7.73301e-02 
 1    274 -3.28311e+00 
 1    275 -4.19230e+00 
 1    276 -4.19151e+00 
 1    277 -3.90390e+00 
 1    278 -2.08176e+00 
 1    279 -1.05570e+00 
 1    280 -1.23412e+00 
 1    281 +1.31062e+00 
 1    282 -1.88079e+00 
 1    283 +1.71228e+00 
 1    284 +3.09246e+00 
 1    285 +3.21058e+00 
 1    286 +4.72817e-01 
 1    287 -2.12798e+00 
 1    288 -2.17278e+00 
 1    289 -3.22241e+00 
 1    290 +1.52039e+00 
 1    291 +2.14393e+00 
 1    292 -3.10282e+00 
 1    293 -3.76953e+00 
 1    294 -3.92848e+00 
 1    295 -3.55129e+00 
 1    296 -3.25258e+00 
 1    297 -3.96956e+00 
 1    298 -2.16867e+00 
 1    299 -2.58263e-01 
 1    300 -8.50294e-01 
 1    301 +7.59838e-01 
 1    302 +8.33345e-01 
 1    303 +5.23953e-01 
 1    304 -2.88612e+00 
 1    305 -2.55088e+00 
 1    306 +2.02555e+00 
 1    307 +2.50880e+00 
 1    308 +9.79452e-01 
 1    309 +1.74118e+00 
 1    310 -7.28333e-01 
 1    311 -3.82637e+00 
 1    312 -3.35862e+00 
 1    313 -1.70755e+00 
 1    314 -3.33319e+00 
 1    315 -2.75135e+00 
 1    316 +8.25215e-01 
 1    317 +1.25296e+00 
 1    318 +1.89776e-03 
 1    319 -2.42729e+00 
 1    320 -3.71562e+00 
 1    321 -3.26476e+00 
 1    322 -1.08729e+00 
 1    323 -3.67108e+00 
 1    324 -4.09200e+00 
 1    325 -1.83036e+00 
 1    326 +1.05987e+00 
 1    327 +2.22593e+00 
 1    328 +2.22791e+00 
 1    329 +2.65687e+00 
 1    330 +1.47216e+00 
 1    331 +2.98816e-01 
 1    332 +5.64599e-01 
 1    333 +1.69867e+00 
 1    334 +1.50773e+00 
 1    335 -3.83754e+00 
 1    336 -2.47520e+00 
 1    337 +5.50641e-02 
 1    338 -1.95264e-01 
 1    339 +9.76932e-01 
 1    340 -9.15570e-01 
 1    341 +1.70245e+00 
 1    342 +1.70245e+00 
 1    343          NaN 
 1    344          NaN 
 1    345 -1.42619e+00 
 1    346 -2.29165e+00 
 1    347 -3.85013e+00 
 1    348 -3.79442e+00 
 1    349 -2.52879e+00 
 1    350 -1.91873e+00 
 1    351 -2.67620e+00 
 1    352 -1.84388e-01 
 1    353 +1.96118e+00 
 1    354 +2.66418e+00 
 1    355 -3.22236e-01 
 1    356 -8.75922e-01 
 1    357 +2.03573e+00 
 1    358 +2.00251e+00 
 1    359 -1.58729e+00 
 1    360 -1.45791e+00 
 1    361 -1.32654e+00 
 1    362 -2.32851e+00 
 1    363 -2.54036e+00 
 1    364 -1.51475e+00 
 1    365 +2.36812e-01 
 1    366 -1.70760e-01 
 1    367 +1.62411e+00 
 1    368 +8.24006e-01 
 1    369 -1.89764e-01 
 1    370 -3.03301e+00 
 1    371 -4.02468e+00 
 1    372 -1.98605e+00 
 1    373 +1.92299e+00 
 1    374 +2.48416e+00 
 1    375 +1.91399e+00 
 1    376 +2.63905e+00 
 1    377 -6.67069e-01 
 1    378 -3.79087e+00 
 1    379 +4.69595e-01 
 1    380 +2.68987e-01 
 1    381 -2.14388e+00 
 1    382 +8.78111e-01 
 1    383 +1.82256e+00 
 1    384 -1.94371e-01 
 1    385 -1.42408e+00 
 1    386 -2.64958e+00 
 1    387 -7.88537e-02 
 1    388 -8.07367e-01 
 1    389 +7.78701e-01 
 1    390 +3.53003e-01 
 1    391 -7.73964e-01 
 1    392 +1.04715e+00 
 1    393 +2.60424e+00 
 1    394 -6.33420e-01 
 1    395 -4.31533e-02 
 1    396 +9.78743e-01 
 1    397 -1.09207e-01 
 1    398 -1.78067e+00 
 1    399 -1.67921e+00 
 1    400 -4.10628e-01 
 1    401 -8.13569e-01 
 1    402 -2.77814e+00 
 1    403 -1.23933e+00 
 1    404 +1.42280e+00 
 1    405 +1.06333e+00 
 1    406 +5.91011e-01 
 1    407 -1.49792e+00 
 1    408 -1.68472e-01 
 1    409 -1.71006e+00 
 1    410 -2.15635e+00 
 1    411 +4.02164e-01 
 1    412 +1.70193e+00 
 1    413 +2.75764e+00 
 1    414 +9.11573e-01 
 1    415 +7.53460e-01 
 1    416 +1.62071e+00 
 1    417 +2.23551e+00 
 1    418 +4.06913e-02 
 1    419 -1.21032e+00 
 1    420 -2.29423e+00 
 1    421 -3.32951e+00 
 1    422 -3.80483e+00 
 1    423 -3.87905e+00 
 1    424 -3.82109e+00 
 1    425 -3.47189e+00 
 1    426 -1.57383e+00 
 1    427 -1.91718e+00 
 1    428 -2.79280e+00 
 1    429 -2.46168e+00 
 1    430 -2.30407e+00 
 1    431 -2.63185e+00 
 1    432 -1.89027e+00 
 1    433 -9.75174e-01 
 1    434 +1.07265e+00 
 1    435 +2.24287e+00 
 1    436 +1.88558e+00 
 1    437 +1.67773e+00 
 1    438 +2.41338e+00 
 1    439 +1.30015e+00 
 1    440 +8.49399e-01 
 1    441 -7.60806e-01 
 1    442 -6.39083e-01 
 1    443 +1.90104e+00 
 1    444 +1.75323e+00 
 1    445 +2.16667e+00 
 1    446 +1.92610e+00 
 1    447 +1.37639e+00 
 1    448 +6.95593e-01 
 1    449 +3.16262e+00 
 1    450 +1.83300e-01 
 1    451 -1.56421e+00 
 1    452 -2.65386e+00 
 1    453 -2.72711e+00 
 1    454 -1.07743e+00 
 1    455 +5.08733e-01 
 1    456 -7.87838e-01 
 1    457 -2.61095e+00 
 1    458 -3.01186e+00 
 1    459 +2.27607e+00 
 1    460 +2.03259e+00 
 1    461 +2.05974e+00 
 1    462 +1.59461e+00 
 1    463 +2.61831e+00 
 1    464 +2.24322e+00 
 1    465 +2.31965e+00 
 1    466 +5.27310e-01 
 1    467 -2.01715e+00 
 1    468 -2.03527e+00 
 1    469 -3.68387e+00 
 1    470 -1.02743e+00 
 1    471 +2.28059e+00 
 1    472 -8.73413e-01 
 1    473 +8.54821e-01 
 1    474 +1.16722e+00 
 1    475 +1.71999e+00 
 1    476 +3.39144e+00 
 1    477 +2.04158e+00 
 1    478 -3.02857e-01 
 1    479 +2.83892e+00 
 1    480 +1.39429e+00 
 1    481 -2.38666e-01 
 1    482 -3.65915e+00 
 1    483 -3.66891e+00 
 1    484 -2.49980e+00 
 1    485 -1.46066e+00 
 1    486 -1.41790e+00 
 1    487 +2.69273e-02 
 1    488 -1.81608e+00 
 1    489 -2.04869e+00 
 1    490 -2.06618e+00 
 1    491 -3.78459e+00 
 1    492 -4.28002e+00 
 1    493          NaN 
 2    494 +1.93203e+00 
 2    495 +1.48296e+00 
 2    496 +3.36564e+00 
 2    497 +2.53934e+00 
 2    498 +2.40684e-01 
 2    499 +1.75120e+00 
 2    500 +2.70782e+00 
 2    501 +3.39416e+00 
 2    502 +7.65983e-01 
 2    503 -3.22103e+00 
 2    504 -3.38129e+00 
 2    505 -2.63283e+00 
 2    506 -3.95629e+00 
 2    507 -3.37037e+00 
 2    508 -3.43461e+00 
 2    509 -2.06119e+00 
 2    510 -1.70278e+00 
 2    511 -7.67158e-01 
 2    512 +1.32553e+00 
 2    513 +1.75080e+00 
 2    514 +1.87521e+00 
 2    515 +1.81563e+00 
 2    516 +3.12195e+00 
 2    517 -1.67674e+00 
 2    518 -3.46725e-01 
 2    519 +1.17326e+00 
 2    520 +2.70596e+00 
 2    521 +9.24069e-01 
 2    522 +2.43791e+00 
 2    523 +6.79843e-01 
 2    524 -8.07789e-01 
 2    525 -1.38509e+00 
 2    526 -4.03412e+00 
 2    527 -2.07118e+00 
 2    528 +2.82007e+00 
 2    529 +1.96615e+00 
 2    530 +1.83658e+00 
 2    531 -2.30806e+00 
 2    532 -1.90083e+00 
 2    533 -5.77504e-01 
 2    534 +2.02101e-01 
 2    535 +5.44233e-01 
 2    536 -2.09350e+00 
 2    537 -1.24081e+00 
 2    538 -2.36971e+00 
 2    539 -2.89162e+00 
 2    540 -2.82241e+00 
 2    541 -4.45113e+00 
 2    542 -4.20356e+00 
 2    543 -4.31112e+00 
 2    544 -4.29481e+00 
 2    545 -3.81333e+00 
 2    546 -4.37354e+00 
 2    547 -3.55317e+00 
 2    548 -2.31137e+00 
 2    549 -2.05306e+00 
 2    550 -2.78031e+00 
 2    551 -3.75374e+00 
 2    552 -2.62071e+00 
 2    553 -1.61346e+00 
 2    554 -2.57885e+00 
 2    555 -2.70329e+00 
 2    556 -1.10458e+00 
 2    557 +4.74465e-03 
 2    558 -1.76179e+00 
 2    559 -1.11583e+00 
 2    560 -1.06057e+00 
 2    561 +8.63169e-01 
 2    562 +1.25632e+00 
 2    563 -3.07417e+00 
 2    564 -2.81066e+00 
 2    565 -3.74994e+00 
 2    566 -3.62743e+00 
 2    567 -2.45039e+00 
 2    568 -5.89048e-01 
 2    569 +1.88865e-01 
 2    570 +3.18693e-01 
 2    571 -1.13432e+00 
 2    572 -1.81843e+00 
 2    573 -9.21029e-01 
 2    574 +1.13416e+00 
 2    575 +3.63123e-01 
 2    576 +2.00398e+00 
 2    577 +2.96486e+00 
 2    578 +1.26451e+00 
 2    579 -1.61081e-01 
 2    580 +9.63245e-01 
 2    581 +1.78838e+00 
 2    582 +7.96817e-01 
 2    583 -1.00136e+00 
 2    584 -1.92616e-01 
 2    585          NaN 
 2    586          NaN 
 2    587 +1.62630e-01 
 2    588 +1.66211e+00 
 2    589 +1.41555e+00 
 2    590 +1.97580e+00 
 2    591 +7.95517e-02 
 2    592 +1.75963e+00 
 2    593 -1.83897e-01 
 2    594 +9.71518e-01 
 2    595 +8.88294e-01 
 2    596 +2.54739e+00 
 2    597 +3.17639e+00 
 2    598 +2.83495e+00 
 2    599 +1.48617e+00 
 2    600 +1.91663e+00 
 2    601 -7.44430e-01 
 2    602 -1.16234e+00 
 2    603 -1.03374e-01 
 2    604 +4.31236e-01 
 2    605 -1.97529e-02 
 2    606 -1.05315e+00 
 2    607 -2.44852e+00 
 2    608 -1.83975e+00 
 2    609 +1.04388e+00 
 2    610 +6.84092e-01 
 2    611 +1.49928e+00 
 2    612 +1.66323e-01 
 2    613 -1.59074e+00 
 2    614 +8.59830e-01 
 2    615 +7.01508e-01 
 2    616 -3.09054e+00 
 2    617 -2.87164e+00 
 2    618 -3.34675e+00 
 2    619 -3.47804e+00 
 2    620 -3.73462e+00 
 2    621 -4.02590e+00 
 2    622 -4.32749e+00 
 2    623 -2.58938e+00 
 2    624 +1.15882e+00 
 2    625 +1.14586e+00 
 2    626 +9.84101e-01 
 2    627 -8.69618e-01 
 2    628 -5.11220e-01 
 2    629 -2.64146e-01 
 2    630 -2.16000e+00 
 2    631 +2.03581e-01 
 2    632 -1.21780e+00 
 2    633 -8.63321e-01 
 2    634 -1.26305e+00 
 2    635 -3.46064e+00 
 2    636 -2.14504e+00 
 2    637 -3.70559e-01 
 2    638 +2.56759e-01 
 2    639 +1.59072e-01 
 2    640 +1.87296e+00 
 2    641 +2.50597e+00 
 2    642 +4.92545e-01 
 2    643 -2.74377e+00 
 2    644 -1.57092e+00 
 2    645 +1.20901e+00 
 2    646 +8.50188e-01 
 2    647 +1.05064e+00 
 2    648 -9.76669e-01 
 2    649 -2.06781e+00 
 2    650 -1.16267e+00 
 2    651 +1.75785e+00 
 2    652 +3.98477e-01 
 2    653 +6.21460e-01 
 2    654 +6.62858e-01 
 2    655 +1.94073e+00 
 2    656 +2.07752e+00 
 2    657 +2.44934e+00 
 2    658 +2.33306e+00 
 2    659 +2.82300e+00 
 2    660 +1.85919e+00 
 2    661 +1.49302e-01 
 2    662 -2.77586e+00 
 2    663 -3.63791e+00 
 2    664 -1.62605e+00 
 2    665 -1.14132e+00 
 2    666 -6.04237e-01 
 2    667 -1.76595e+00 
 2    668 +5.67086e-01 
 2    669 +1.42487e+00 
 2    670 +4.74281e-01 
 2    671 +1.99251e+00 
 2    672 +6.84655e-01 
 2    673 -2.32156e-01 
 2    674 +1.20610e+00 
 2    675 -5.87515e-01 
 2    676 -8.36177e-01 
 2    677 -3.72002e+00 
 2    678 -3.25167e+00 
 2    679 -2.82309e+00 
 2    680 -1.97200e+00 
 2    681 +4.95931e-01 
 2    682 +1.88766e+00 
 2    683 +3.18243e+00 
 2    684 +2.54231e+00 
 2    685 +1.91298e+00 
 2    686 +2.24005e-01 
 2    687 -1.80796e+00 
 2    688 -3.06899e+00 
 2    689 -4.00504e+00 
 2    690 -3.99196e+00 
 2    691 -3.54579e+00 
 2    692          NaN 
 3    693 -2.19482e+00 
 3    694 -4.08050e+00 
 3    695 -4.34786e+00 
 3    696 -3.81602e+00 
 3    697 -2.83876e+00 
 3    698 -1.25988e+00 
 3    699 -3.93043e+00 
 3    700 -3.80904e+00 
 3    701 -3.45367e+00 
 3    702 -6.58586e-01 
 3    703 +1.21926e+00 
 3    704 +2.71098e+00 
 3    705 +1.97667e+00 
 3    706 +3.34402e-01 
 3    707 +2.23111e+00 
 3    708 +4.08688e-01 
 3    709 -1.76685e+00 
 3    710 -1.30634e+00 
 3    711 +2.42036e+00 
 3    712 +2.67952e+00 
 3    713 +5.94770e-01 
 3    714 +2.45468e+00 
 3    715 +1.23297e+00 
 3    716 +2.75653e+00 
 3    717 -1.90760e-01 
 3    718 -2.67694e+00 
 3    719 -1.99570e+00 
 3    720 +1.52111e+00 
 3    721 +4.83437e-01 
 3    722 +1.20681e+00 
 3    723 +1.43472e+00 
 3    724 +2.22126e+00 
 3    725 +3.21251e+00 
 3    726 +1.30341e+00 
 3    727 +7.94948e-01 
 3    728 +1.05785e+00 
 3    729 +1.77405e+00 
 3    730 +3.32093e-01 
 3    731 -6.05841e-01 
 3    732 -3.44969e+00 
 3    733 -3.54984e+00 
 3    734 -3.26681e+00 
 3    735 -9.15008e-01 
 3    736 +1.51794e+00 
 3    737 +2.06401e+00 
 3    738 +2.81144e+00 
 3    739 +2.69631e+00 
 3    740 -9.51853e-02 
 3    741 -2.55957e+00 
 3    742 +9.72830e-01 
 3    743          NaN 
 3    744          NaN 
 3    745 +2.92568e-01 
 3    746 -9.62217e-01 
 3    747 -1.84899e+00 
 3    748 -3.67942e-01 
 3    749 -2.33391e+00 
 3    750 -3.10687e+00 
 3    751 +1.38358e+00 
 3    752 +1.75907e+00 
 3    753 +1.97108e+00 
 3    754 +2.62242e-01 
 3    755 -1.50272e+00 
 3    756 +4.91466e-01 
 3    757 +2.46045e+00 
 3    758 +1.86086e+00 
 3    759 +5.11851e-01 
 3    760 +5.83110e-01 
 3    761 +1.32471e+00 
 3    762 +1.94165e+00 
 3    763 +2.56450e+00 
 3    764 +8.30345e-01 
 3    765 +2.74245e+00 
 3    766 +1.65471e+00 
 3    767 +1.16215e+00 
 3    768 +1.72712e+00 
 3    769 -1.50023e+00 
 3    770 -2.97548e+00 
 3    771 -2.65608e-01 
 3    772 +7.99061e-01 
 3    773 +2.61466e+00 
 3    774 +1.69585e+00 
 3    775 +1.42573e+00 
 3    776 -2.86346e+00 
 3    777 -2.59571e+00 
 3    778 -1.41992e+00 
 3    779 +1.28454e+00 
 3    780 -1.05289e+00 
 3    781 -1.65916e+00 
 3    782 -2.48822e+00 
 3    783 -1.78907e+00 
 3    784 +3.52237e-01 
 3    785 +2.79890e+00 
 3    786 +2.65503e+00 
 3    787 +9.89721e-01 
 3    788 -1.71995e+00 
 3    789 -1.42421e-01 
 3    790 +7.91915e-01 
 3    791 +1.41059e-01 
 3    792 -1.01851e+00 
 3    793 +9.82857e-01 
 3    794 -3.61822e-02 
 3    795 -1.06259e-01 
 3    796 -6.97139e-01 
 3    797 +1.75938e+00 
 3    798 +2.54749e+00 
 3    799 +7.73634e-02 
 3    800 +2.17222e+00 
 3    801 +5.68569e-01 
 3    802 -1.72873e+00 
 3    803 -2.41397e+00 
 3    804 -6.36690e-01 
 3    805 +1.76910e+00 
 3    806 -2.59602e+00 
 3    807 -6.07652e-01 
 3    808 +1.57034e+00 
 3    809 +2.13888e+00 
 3    810 +1.93758e+00 
 3    811 +1.76347e+00 
 3    812 -2.04505e+00 
 3    813 +9.67006e-02 
 3    814 +2.52379e+00 
 3    815 +1.24746e+00 
 3    816 -3.91195e-01 
 3    817 -2.54059e+00 
 3    818 -1.82741e+00 
 3    819 -1.00203e+00 
 3    820 -7.57128e-01 
 3    821 -2.29762e+00 
 3    822 -1.89298e+00 
 3    823 +1.73358e+00 
 3    824 +2.57574e+00 
 3    825 +2.38269e+00 
 3    826 +1.50171e+00 
 3    827 +3.08772e-01 
 3    828 +1.13040e+00 
 3    829 +1.49399e+00 
 3    830 +2.16215e-01 
 3    831 -2.92747e-01 
 3    832 -8.05315e-01 
 3    833 -3.61381e+00 
 3    834 -2.45766e+00 
 3    835 +2.40772e+00 
 3    836 +2.44104e+00 
 3    837 +1.02854e+00 
 3    838 +2.02365e+00 
 3    839 +1.26670e-01 
 3    840 +1.73555e+00 
 3    841 +4.84010e-01 
 3    842 +8.89690e-01 
 3    843 +1.94084e+00 
 3    844 -2.77554e+00 
 3    845 -2.78393e+00 
 3    846 -3.19576e+00 
 3    847 -1.38179e+00 
 3    848 +1.65688e+00 
 3    849 +8.90108e-01 
 3    850 -8.06182e-01 
 3    851 -1.15099e+00 
 3    852 -9.74888e-01 
 3    853 +1.20142e+00 
 3    854 +2.97299e+00 
 3    855 +1.61455e+00 
 3    856 +2.22281e+00 
 3    857 +4.20870e-01 
 3    858 -1.50310e+00 
 3    859 +1.27922e-01 
 3    860 +1.72217e+00 
 3    861 +2.70517e+00 
 3    862 -1.22282e-01 
 3    863 -6.92684e-01 
 3    864 +2.20893e+00 
 3    865 +2.59173e+00 
 3    866 +1.62449e+00 
 3    867 +1.59597e+00 
 3    868 +1.73179e+00 
 3    869 +1.46926e+00 
 3    870 +1.11708e+00 
 3    871 +1.01835e+00 
 3    872 +3.11111e+00 
 3    873 +2.28279e+00 
 3    874 -9.87308e-01 
 3    875 -2.40632e+00 
 3    876 -3.20086e+00 
 3    877 -3.29895e+00 
 3    878 -2.57517e+00 
 3    879 -1.39566e+00 
 3    880 +5.72961e-01 
 3    881 +1.88185e+00 
 3    882 +3.94381e-01 
 3    883 +1.99116e+00 
 3    884          NaN 
 4    885 -4.11044e+00 
 4    886 -3.10310e+00 
 4    887 -5.89966e-01 
 4    888 -2.50479e-01 
 4    889 +2.16701e+00 
 4    890 +1.25755e+00 
 4    891 +3.45214e-01 
 4    892 +1.69217e+00 
 4    893 +2.65583e+00 
 4    894 +1.76816e+00 
 4    895 -1.43354e+00 
 4    896 +2.20141e+00 
 4    897 +2.87644e+00 
 4    898 +1.98287e+00 
 4    899 -1.84178e+00 
 4    900 +5.64415e-01 
 4    901 -9.47026e-01 
 4    902 +1.66903e-01 
 4    903 +1.74145e+00 
 4    904 +2.86486e+00 
 4    905 +2.72011e+00 
 4    906 +2.26159e+00 
 4    907 +1.59215e+00 
 4    908 +1.88359e+00 
 4    909 +2.03905e+00 
 4    910 +2.37754e+00 
 4    911 +2.14844e+00 
 4    912 -6.32124e-02 
 4    913 +1.66197e+00 
 4    914 +1.79834e+00 
 4    915 -8.10895e-01 
 4    916 -2.96641e+00 
 4    917 -1.40405e+00 
 4    918 +2.94444e-01 
 4    919 -1.53378e+00 
 4    920 +2.00498e-01 
 4    921 -3.73207e-01 
 4    922 +2.40524e-01 
 4    923 +7.44704e-01 
 4    924 +1.62929e+00 
 4    925 +2.09747e+00 
 4    926 +1.50734e+00 
 4    927 +1.63720e+00 
 4    928 -3.77813e-01 
 4    929 +1.69910e+00 
 4    930 +2.25006e+00 
 4    931 +2.11467e+00 
 4    932          NaN 
 4    933          NaN 
 4    934 +8.58366e-01 
 4    935 +7.79985e-01 
 4    936 +3.83584e-01 
 4    937 +7.11335e-01 
 4    938 +1.39010e-01 
 4    939 -8.46256e-01 
 4    940 -7.82338e-01 
 4    941 -6.74137e-02 
 4    942 +2.62606e+00 
 4    943 +2.19511e+00 
 4    944 +2.24548e+00 
 4    945 -1.05517e+00 
 4    946 -1.00310e+00 
 4    947 +2.71511e+00 
 4    948 +2.67268e+00 
 4    949 +8.40651e-01 
 4    950 +9.48316e-02 
 4    951 +3.80037e-02 
 4    952 +9.40044e-01 
 4    953 -2.12360e+00 
 4    954 -7.43590e-01 
 4    955 -1.86862e+00 
 4    956 -2.66551e+00 
 4    957 -1.88135e+00 
 4    958 +2.12584e-01 
 4    959 -8.37920e-01 
 4    960 -5.31215e-01 
 4    961 -2.13574e+00 
 4    962 -3.71617e+00 
 4    963 -3.62696e+00 
 4    964 -3.64516e+00 
 4    965 -2.47300e+00 
 4    966 +1.97265e-01 
 4    967 +1.38009e+00 
 4    968 +2.49896e+00 
 4    969 +3.34060e+00 
 4    970 +2.82695e+00 
 4    971 +1.17585e+00 
 4    972 -1.62732e+00 
 4    973 -2.29700e-01 
 4    974 -1.16128e+00 
 4    975 -2.72517e+00 
 4    976 +4.82667e-02 
 4    977 +1.52944e-01 
 4    978 +3.86391e-02 
 4    979 +2.30937e-01 
 4    980 -6.13885e-01 
 4    981 -4.58498e-01 
 4    982 +2.03908e+00 
 4    983 +2.64382e-01 
 4    984 +1.48305e+00 
 4    985 +2.72711e+00 
 4    986 +2.55910e+00 
 4    987 +2.30539e-01 
 4    988 -1.59930e-01 
 4    989 +3.57363e-01 
 4    990 -4.35342e-02 
 4    991 -2.65820e+00 
 4    992 -2.16013e+00 
 4    993 +3.52754e-02 
 4    994 +2.29050e+00 
 4    995 +1.77389e+00 
 4    996 +1.85253e+00 
 4    997 -1.43225e+00 
 4    998 +2.35139e+00 
 4    999 +3.85893e-01 
 4   1000 +2.05672e-01 
 4   1001 -2.54320e-01 
 4   1002 +6.69662e-01 
 4   1003 -5.62418e-02 
 4   1004 +1.02503e+00 
 4   1005 +1.69044e+00 
 4   1006 -7.08530e-01 
 4   1007 -1.14762e+00 
 4   1008 -1.20877e+00 
 4   1009 -2.38606e+00 
 4   1010 -6.51150e-01 
 4   1011 -8.84833e-01 
 4   1012 +8.38593e-02 
 4   1013 +2.65628e+00 
 4   1014 +2.99738e+00 
 4   1015 +1.11420e-01 
 4   1016 -1.68373e+00 
 4   1017 -3.56178e+00 
 4   1018 -3.81735e+00 
 4   1019 -3.44757e+00 
 4   1020 -1.75392e-01 
 4   1021 +5.41319e-01 
 4   1022 -3.32167e+00 
 4   1023 -4.10574e+00 
 4   1024 -3.40297e+00 
 4   1025 -2.45943e-01 
 4   1026 -2.53174e+00 
 4   1027 +1.52354e+00 
 4   1028 +1.95623e+00 
 4   1029 +2.44929e+00 
 4   1030 -5.32610e-01 
 4   1031 +7.66079e-01 
 4   1032 +2.31054e+00 
 4   1033 -2.65802e-01 
 4   1034 -3.72249e+00 
 4   1035 -9.22480e-01 
 4   1036 +2.10432e+00 
 4   1037 +2.58382e+00 
 4   1038 -8.50625e-01 
 4   1039 +1.05283e+00 
 4   1040 +1.43456e+00 
 4   1041 +2.24391e-01 
 4   1042 +6.43762e-01 
 4   1043 +7.13569e-01 
 4   1044 -4.63685e-01 
 4   1045 +2.93875e+00 
 4   1046 +2.80736e+00 
 4   1047 +9.85296e-01 
 4   1048 +2.64176e+00 
 4   1049 +1.73213e+00 
 4   1050 -1.16062e+00 
 4   1051 -1.18253e+00 
 4   1052 -7.63599e-01 
 4   1053 -1.27716e+00 
 4   1054 +8.84632e-02 
 4   1055 +6.78634e-01 
 4   1056 -2.83378e+00 
 4   1057 -2.48945e+00 
 4   1058 +3.41991e-02 
 4   1059 +5.98951e-01 
 4   1060 -2.29459e+00 
 4   1061 -3.98761e+00 
 4   1062 -2.95505e+00 
 4   1063 -1.92316e+00 
 4   1064 -3.97159e+00 
 4   1065 -2.42597e+00 
 5   1066 +3.17021e-01 
 5   1067 -6.55875e-02 
 5   1068 -1.12665e+00 
 5   1069 -2.98853e+00 
 5   1070 -5.31485e-02 
 5   1071 -3.55026e-01 
 5   1072 +1.62309e+00 
 5   1073 -9.40349e-01 
 5   1074 +1.83290e+00 
 5   1075 +3.41559e+00 
 5   1076 -1.36436e+00 
 5   1077 -4.33897e-01 
 5   1078 +2.27510e+00 
 5   1079 -1.18620e+00 
 5   1080 -9.27336e-01 
 5   1081 -2.68041e+00 
 5   1082 -1.60164e+00 
 5   1083 -2.08561e+00 
 5   1084 +5.16774e-01 
 5   1085 +2.84975e+00 
 5   1086 -1.36314e+00 
 5   1087 -2.07932e+00 
 5   1088 -5.17627e-01 
 5   1089 +1.81202e+00 
 5   1090 +1.02311e-01 
 5   1091 +1.35983e-03 
 5   1092 -2.99171e+00 
 5   1093 -1.57113e+00 
 5   1094 -1.54762e+00 
 5   1095 -6.74048e-01 
 5   1096 -4.05154e+00 
 5   1097 -4.00364e+00 
 5   1098 -3.16573e+00 
 5   1099 -4.06408e+00 
 5   1100 -4.34848e+00 
 5   1101 -4.13237e+00 
 5   1102 -4.45679e+00 
 5   1103 -3.98614e+00 
 5   1104 -2.21803e+00 
 5   1105 -4.90446e-01 
 5   1106 -3.62257e-01 
 5   1107 -3.35979e+00 
 5   1108 -4.30656e+00 
 5   1109 -4.31041e+00 
 5   1110 -2.27444e+00 
 5   1111 +3.47526e-01 
 5   1112 +2.03551e+00 
 5   1113 +9.68805e-01 
 5   1114 +1.97418e+00 
 5   1115 +2.13047e+00 
 5   1116 +2.85448e+00 
 5   1117 +2.20017e+00 
 5   1118 -2.45442e+00 
 5   1119 -2.49854e+00 
 5   1120 +1.41964e+00 
 5   1121 +2.17984e+00 
 5   1122 -1.46916e+00 
 5   1123 +8.43035e-01 
 5   1124 +2.03610e+00 
 5   1125          NaN 
 5   1126          NaN 
 5   1127          NaN 
 5   1128 +2.62055e+00 
 5   1129 +2.15595e+00 
 5   1130 +1.48767e+00 
 5   1131 +2.33399e+00 
 5   1132 +9.44490e-01 
 5   1133 +6.97376e-01 
 5   1134 +2.29655e+00 
 5   1135 +1.33697e+00 
 5   1136 +2.28936e-01 
 5   1137 +1.14870e-01 
 5   1138 +2.04048e+00 
 5   1139 +2.16882e+00 
 5   1140 +7.46924e-01 
 5   1141 +2.33734e+00 
 5   1142 -6.19236e-02 
 5   1143 +2.65434e+00 
 5   1144 +2.57570e+00 
 5   1145 +7.17818e-01 
 5   1146 +2.06529e-01 
 5   1147 +2.94693e+00 
 5   1148 +2.07094e+00 
 5   1149 +1.77994e-01 
 5   1150 +1.04518e+00 
 5   1151 +2.71646e+00 
 5   1152 +1.81233e+00 
 5   1153 +9.08350e-01 
 5   1154 -2.93569e+00 
 5   1155 -3.28100e+00 
 5   1156 -2.49702e+00 
 5   1157 +2.51917e-02 
 5   1158 +2.97487e+00 
 5   1159 +1.70854e+00 
 5   1160 +1.25464e+00 
 5   1161 +2.48066e+00 
 5   1162 +1.37344e+00 
 5   1163 +3.12045e-01 
 5   1164 +1.73713e+00 
 5   1165 -4.80142e-01 
 5   1166 +7.59424e-01 
 5   1167 -1.30813e+00 
 5   1168 +1.07606e+00 
 5   1169 +2.87185e+00 
 5   1170 +2.90486e+00 
 5   1171 -2.11353e+00 
 5   1172 -2.28732e+00 
 5   1173 -3.63549e+00 
 5   1174 -3.89620e+00 
 5   1175 -3.14391e+00 
 5   1176 -2.87154e+00 
 5   1177 -3.54942e+00 
 5   1178 -2.23619e+00 
 5   1179 +2.44699e-01 
 5   1180 -6.15787e-01 
 5   1181 +2.59808e+00 
 5   1182 +1.50646e+00 
 5   1183 +1.16543e+00 
 5   1184 +1.66310e-01 
 5   1185 -2.28659e-01 
 5   1186 +2.77399e+00 
 5   1187 +2.27152e+00 
 5   1188 +1.96408e+00 
 5   1189 +1.85140e+00 
 5   1190 +2.34388e+00 
 5   1191 +1.12235e+00 
 5   1192 +7.52626e-01 
 5   1193 +1.70541e+00 
 5   1194 +3.17606e-01 
 5   1195 -1.66831e+00 
 5   1196 -1.48486e-01 
 5   1197 -4.34302e-02 
 5   1198 +5.59081e-01 
 5   1199 -2.27072e-01 
 5   1200 -2.41230e-01 
 5   1201 -8.77020e-01 
 5   1202 -4.41885e-01 
 5   1203 -3.20462e+00 
 5   1204 -2.70019e+00 
 5   1205 -1.68866e+00 
 5   1206 +3.23686e-02 
 5   1207 +1.58723e+00 
 5   1208 +2.03316e+00 
 5   1209 +1.02728e+00 
 5   1210 -2.59307e-02 
 5   1211 +7.99042e-01 
 5   1212 +2.60121e+00 
 5   1213 +2.12105e+00 
 5   1214 +2.50688e-01 
 5   1215 -2.76932e+00 
 5   1216 -3.42939e+00 
 5   1217 -3.42264e+00 
 5   1218 +8.53634e-01 
 5   1219 +1.76975e+00 
 5   1220 -8.32454e-02 
 5   1221 -2.40644e+00 
 5   1222 -8.47431e-02 
 5   1223 -3.43383e+00 
 5   1224 -3.42282e+00 
 5   1225 -1.13555e+00 
 5   1226 +4.04837e-01 
 5   1227 -1.85488e-02 
 5   1228 +1.69273e-01 
 5   1229 -1.92604e+00 
 5   1230 +3.28893e-01 
 5   1231 +1.84661e+00 
 5   1232 -6.55929e-01 
 5   1233 -1.86168e+00 
 5   1234 -1.36056e+00 
 5   1235 +4.20525e-01 
 5   1236 -1.59726e+00 
 5   1237 -2.65425e+00 
 6   1238 -3.27500e+00 
 6   1239 -3.91200e+00 
 6   1240 -3.53150e+00 
 6   1241 +1.02157e+00 
 6   1242 -1.02595e+00 
 6   1243 -3.93243e+00 
 6   1244 -3.06481e+00 
 6   1245 +6.82818e-01 
 6   1246 +7.20521e-01 
 6   1247 +2.07199e+00 
 6   1248 +1.27702e+00 
 6   1249 -7.50815e-01 
 6   1250 -5.29774e-01 
 6   1251 +1.65431e+00 
 6   1252 +2.40736e+00 
 6   1253 +1.65678e+00 
 6   1254 +3.47725e-01 
 6   1255 +8.12038e-01 
 6   1256 -1.09060e+00 
 6   1257 +1.81990e+00 
 6   1258 +7.47664e-01 
 6   1259 -9.06330e-01 
 6   1260 -2.45557e+00 
 6   1261 -2.28119e+00 
 6   1262 -1.20277e+00 
 6   1263 -2.79777e+00 
 6   1264 -3.43200e+00 
 6   1265 -3.53965e+00 
 6   1266 -2.16926e+00 
 6   1267 -3.41395e+00 
 6   1268 -3.40511e+00 
 6   1269 +1.00331e+00 
 6   1270 +4.78800e-01 
 6   1271 +1.50321e+00 
 6   1272 +2.21667e+00 
 6   1273 +2.48221e-01 
 6   1274 -1.05595e+00 
 6   1275 +2.11453e+00 
 6   1276 +2.64687e-01 
 6   1277 -3.02154e+00 
 6   1278 +1.51247e+00 
 6   1279 +1.80018e+00 
 6   1280 +9.53912e-01 
 6   1281 -1.28450e+00 
 6   1282 -4.07209e+00 
 6   1283 -6.60564e-01 
 6   1284 +2.52143e+00 
 6   1285 -2.07738e+00 
 6   1286 -4.43914e-01 
 6   1287 +2.01845e+00 
 6   1288 +2.64346e-01 
 6   1289 -1.77441e+00 
 6   1290 -1.12131e-01 
 6   1291 +2.44506e+00 
 6   1292 +2.20252e+00 
 6   1293 -4.29650e-01 
 6   1294 -1.70830e-01 
 6   1295 +2.88803e-01 
 6   1296 +1.17240e+00 
 6   1297          NaN 
 6   1298          NaN 
 6   1299 +1.30832e+00 
 6   1300 +8.44357e-01 
 6   1301 +5.31179e-01 
 6   1302 -2.38707e+00 
 6   1303 -4.09318e+00 
 6   1304 -3.42276e+00 
 6   1305 +5.36704e-01 
 6   1306 -5.15477e-01 
 6   1307 -2.96329e+00 
 6   1308 -3.01094e-01 
 6   1309 +6.18882e-01 
 6   1310 -3.23839e+00 
 6   1311 -4.18121e+00 
 6   1312 -3.76240e+00 
 6   1313 -4.36997e+00 
 6   1314 -3.07352e+00 
 6   1315 -2.89235e+00 
 6   1316 +1.11228e-01 
 6   1317 +1.72920e-01 
 6   1318 -1.24887e+00 
 6   1319 -7.69957e-02 
 6   1320 -3.10011e-01 
 6   1321 -2.47714e-01 
 6   1322 +8.16917e-01 
 6   1323 +2.63979e+00 
 6   1324 +1.87804e+00 
 6   1325 -2.32753e-01 
 6   1326 +2.33200e-01 
 6   1327 -4.30766e-01 
 6   1328 +5.43423e-01 
 6   1329 -2.55536e-01 
 6   1330 +6.04953e-01 
 6   1331 +1.38481e+00 
 6   1332 -6.85386e-01 
 6   1333 -7.19090e-01 
 6   1334 -8.06151e-01 
 6   1335 -1.87431e+00 
 6   1336 -3.82625e+00 
 6   1337 -3.95807e+00 
 6   1338 -4.39925e+00 
 6   1339 -4.33233e+00 
 6   1340 -1.43501e+00 
 6   1341 -4.54037e-01 
 6   1342 -1.24046e+00 
 6   1343 -2.73317e+00 
 6   1344 -9.81969e-02 
 6   1345 -1.51838e+00 
 6   1346 +1.56751e+00 
 6   1347 +2.43156e+00 
 6   1348 +5.17629e-01 
 6   1349 +3.03565e-01 
 6   1350 +2.01550e+00 
 6   1351 +3.25770e+00 
 6   1352 +2.55950e+00 
 6   1353 +2.68012e+00 
 6   1354 -2.91676e-01 
 6   1355 +1.59612e+00 
 6   1356 +3.20460e+00 
 6   1357 +2.67962e+00 
 6   1358 +1.11871e+00 
 6   1359 +1.40963e+00 
 6   1360 +2.35147e+00 
 6   1361 +1.77559e+00 
 6   1362 +6.84662e-01 
 6   1363 +2.31602e-04 
 6   1364 +5.05661e-01 
 6   1365 -3.43855e+00 
 6   1366 -4.24602e+00 
 6   1367 -3.61671e+00 
 6   1368 -3.17629e+00 
 6   1369 -1.26700e+00 
 6   1370 -1.44776e+00 
 6   1371 -2.18496e+00 
 6   1372 -1.25926e+00 
 6   1373 +7.66831e-01 
 6   1374 +3.19440e+00 
 6   1375 -4.64554e-01 
 6   1376 -3.29244e+00 
 6   1377 -3.25246e+00 
 6   1378 -2.83065e+00 
 6   1379 +1.41897e+00 
 6   1380 +1.22499e+00 
 6   1381 +2.21072e+00 
 6   1382 +2.00610e+00 
 6   1383 +3.78854e+00 
 6   1384 +2.49021e+00 
 6   1385 +1.45152e+00 
 6   1386 -1.90854e+00 
 6   1387 -4.04654e-01 
 6   1388 -9.62615e-01 
 6   1389 -2.71627e+00 
 6   1390 -1.04891e+00 
 6   1391 +2.68248e+00 
 6   1392 +1.31122e+00 
 6   1393 -9.39221e-01 
 6   1394 -1.24514e+00 
 6   1395 -1.29347e+00 
 6   1396 -7.32770e-01 
 6   1397 +1.01602e+00 
 7   1398 +3.39897e-01 
 7   1399 -6.12374e-01 
 7   1400 +9.83532e-01 
 7   1401 +2.35947e+00 
 7   1402 +2.60262e+00 
 7   1403 +2.14716e+00 
 7   1404 -1.02709e-01 
 7   1405 -5.96527e-01 
 7   1406 -2.26993e+00 
 7   1407 -1.10004e+00 
 7   1408 -1.95305e+00 
 7   1409 -2.66820e+00 
 7   1410 +4.92522e-02 
 7   1411 +2.94919e+00 
 7   1412 +3.08562e+00 
 7   1413 +1.90259e+00 
 7   1414 +9.79031e-01 
 7   1415 -1.46350e+00 
 7   1416 -1.11763e-01 
 7   1417 +2.69239e-01 
 7   1418 +9.67200e-01 
 7   1419 -1.11729e+00 
 7   1420 -4.20914e+00 
 7   1421 -1.98533e-01 
 7   1422 +2.09595e+00 
 7   1423 +7.91271e-01 
 7   1424 -1.54293e+00 
 7   1425 -2.28207e+00 
 7   1426 -3.69497e+00 
 7   1427 -1.13729e+00 
 7   1428 -2.36417e+00 
 7   1429 +2.49060e+00 
 7   1430 +1.18998e+00 
 7   1431 +1.11722e+00 
 7   1432 +2.76335e+00 
 7   1433 +2.28307e+00 
 7   1434 +2.23400e+00 
 7   1435 -2.02084e+00 
 7   1436 -2.69208e+00 
 7   1437 +1.16062e+00 
 7   1438 +3.64431e-01 
 7   1439 -2.66422e+00 
 7   1440 -3.35776e+00 
 7   1441 +1.58217e+00 
 7   1442          NaN 
 7   1443          NaN 
 7   1444 +1.03628e-01 
 7   1445 +4.55842e-01 
 7   1446 -2.69790e+00 
 7   1447 +8.28288e-01 
 7   1448 +1.56430e+00 
 7   1449 +1.99157e+00 
 7   1450 +5.81331e-01 
 7   1451 +5.01108e-01 
 7   1452 +2.55002e-01 
 7   1453 +1.24494e+00 
 7   1454 +3.38368e-01 
 7   1455 +1.52756e+00 
 7   1456 +8.86593e-01 
 7   1457 -1.23138e+00 
 7   1458 -3.05144e-01 
 7   1459 -2.53611e+00 
 7   1460 -1.67936e+00 
 7   1461 -1.85849e+00 
 7   1462 +1.93579e-01 
 7   1463 +2.20445e-01 
 7   1464 -4.31818e-01 
 7   1465 -1.97043e+00 
 7   1466 -1.51405e+00 
 7   1467 -6.05045e-01 
 7   1468 -2.10746e+00 
 7   1469 -1.10749e+00 
 7   1470 +1.19753e+00 
 7   1471 +1.58911e+00 
 7   1472 -2.95677e+00 
 7   1473 -1.00905e+00 
 7   1474 +1.03764e+00 
 7   1475 +6.75570e-01 
 7   1476 +9.83265e-01 
 7   1477 +1.80220e+00 
 7   1478 +1.12106e-01 
 7   1479 -1.40623e+00 
 7   1480 +1.14515e+00 
 7   1481 +1.92257e+00 
 7   1482 +1.33431e+00 
 7   1483 +1.16437e+00 
 7   1484 +5.56129e-01 
 7   1485 +7.62462e-01 
 7   1486 +1.80435e+00 
 7   1487 +8.94065e-01 
 7   1488 +1.10450e+00 
 7   1489 -8.41432e-02 
 7   1490 -1.12546e+00 
 7   1491 -1.77973e+00 
 7   1492 -2.79254e+00 
 7   1493 -2.89044e+00 
 7   1494 +5.14408e-01 
 7   1495 -1.43682e+00 
 7   1496 -1.91380e+00 
 7   1497 -9.06643e-01 
 7   1498 +4.39421e-01 
 7   1499 -2.11895e+00 
 7   1500 -1.54203e+00 
 7   1501 -2.46581e+00 
 7   1502 +1.13563e+00 
 7   1503 +1.33616e+00 
 7   1504 +2.97004e+00 
 7   1505 +2.02187e+00 
 7   1506 +1.21120e+00 
 7   1507 +1.99014e+00 
 7   1508 +2.05271e+00 
 7   1509 +3.09956e+00 
 7   1510 +1.04730e+00 
 7   1511 +6.86979e-01 
 7   1512 +2.44646e+00 
 7   1513 +1.12589e+00 
 7   1514 -1.11696e+00 
 7   1515 +2.14643e-01 
 7   1516 +1.56721e+00 
 7   1517 +2.18905e+00 
 7   1518 +9.07238e-01 
 7   1519 +8.57062e-01 
 7   1520 +2.20567e+00 
 7   1521 +8.65048e-01 
 7   1522 -1.57090e+00 
 7   1523 -1.86555e-01 
 7   1524 +2.87662e-01 
 7   1525 +2.58930e+00 
 7   1526 +4.49828e-01 
 7   1527 +2.22556e+00 
 7   1528 +6.16958e-01 
 7   1529 -7.85451e-01 
 7   1530 +2.38536e+00 
 7   1531 +1.36503e+00 
 7   1532 +2.57125e-01 
 7   1533 +1.08025e+00 
 7   1534 +1.29317e+00 
 7   1535 +3.03620e+00 
 7   1536 +3.11373e+00 
 7   1537 +1.74745e+00 
 7   1538 +4.01449e-01 
 7   1539 -2.84175e+00 
 7   1540 -3.33965e+00 
 7   1541 -3.21569e+00 
 7   1542 -3.81233e+00 
 7   1543 -4.18107e+00 
 7   1544 -4.47066e+00 
 8   1545 -3.47720e-01 
 8   1546 +2.69042e+00 
 8   1547 +5.24494e-01 
 8   1548 +1.36445e-03 
 8   1549 -1.12187e+00 
 8   1550 +4.24017e-01 
 8   1551 -2.37641e-01 
 8   1552 +8.62890e-01 
 8   1553 -4.80608e-01 
 8   1554 +2.09298e+00 
 8   1555 +2.33380e+00 
 8   1556 +2.54603e+00 
 8   1557 +1.71945e+00 
 8   1558 +6.16973e-01 
 8   1559 +8.13263e-01 
 8   1560 +1.68867e+00 
 8   1561 +7.70925e-01 
 8   1562 +5.11495e-01 
 8   1563 -7.23794e-01 
 8   1564 -4.37501e-01 
 8   1565 +5.70437e-01 
 8   1566 +1.33081e+00 
 8   1567 +1.42370e+00 
 8   1568 +8.54089e-01 
 8   1569 +1.27477e+00 
 8   1570 +4.47457e-01 
 8   1571 -7.78471e-02 
 8   1572 +8.36603e-01 
 8   1573 +3.19363e+00 
 8   1574 +2.85003e+00 
 8   1575 +1.78853e+00 
 8   1576 +6.30696e-01 
 8   1577 -1.10473e+00 
 8   1578 -4.35313e+00 
 8   1579 -3.89322e+00 
 8   1580 -3.48691e+00 
 8   1581 -4.32644e+00 
 8   1582 -3.99684e+00 
 8   1583 -2.60545e+00 
 8   1584 -3.37694e-01 
 8   1585 -4.04907e-01 
 8   1586 -5.47274e-01 
 8   1587 +5.52256e-01 
 8   1588          NaN 
 8   1589          NaN 
 8   1590          NaN 
 8   1591 +8.75825e-02 
 8   1592 +6.31305e-01 
 8   1593          NaN 
 8   1594          NaN 
 8   1595          NaN 
 8   1596          NaN 
 8   1597          NaN 
 8   1598          NaN 
 8   1599          NaN 
 8   1600          NaN 
 8   1601          NaN 
 8   1602          NaN 
 8   1603          NaN 
 8   1604          NaN 
 8   1605          NaN 
 8   1606          NaN 
 8   1607          NaN 
 8   1608          NaN 
 8   1609          NaN 
 8   1610          NaN 
 8   1611 +6.52886e-01 
 8   1612 +6.52886e-01 
 8   1613 +6.52886e-01 
 8   1614 +1.11015e+00 
 8   1615 +8.17682e-01 
 8   1616 -1.63129e+00 
 8   1617 -3.16785e+00 
 8   1618 -1.66398e+00 
 8   1619 -1.04514e+00 
 8   1620 -4.62538e-01 
 8   1621 +3.13662e+00 
 8   1622 +1.67005e+00 
 8   1623 +1.56945e+00 
 8   1624 +8.09355e-01 
 8   1625 -6.66539e-01 
 8   1626 +1.96765e+00 
 8   1627 +1.20448e+00 
 8   1628 +2.97145e+00 
 8   1629 +1.75239e+00 
 8   1630 +1.93868e+00 
 8   1631 -1.21898e+00 
 8   1632 +1.38705e+00 
 8   1633 -1.02487e+00 
 8   1634 +1.35860e+00 
 8   1635 -1.38544e-01 
 8   1636 +4.14931e-01 
 8   1637 -1.68367e+00 
 8   1638 +5.35794e-01 
 8   1639 -2.47382e+00 
 8   1640 -3.70502e+00 
 8   1641 -2.88262e+00 
 8   1642 -3.79647e+00 
 8   1643 -3.76431e+00 
 8   1644 -3.22408e+00 
 8   1645 -3.22327e+00 
 8   1646 -1.47903e+00 
 8   1647 +3.07346e-01 
 8   1648 +8.96735e-01 
 8   1649 +1.76847e+00 
 8   1650 +2.16043e+00 
 8   1651 +2.05495e+00 
 8   1652 -1.42549e-01 
 8   1653 -1.12365e+00 
 8   1654 -8.26917e-01 
 8   1655 -6.62001e-01 
 8   1656 -5.55336e-01 
 8   1657 -1.98928e-02 
 8   1658 +2.62975e+00 
 8   1659 -1.11127e+00 
 8   1660 -2.00851e+00 
 8   1661 -3.21323e+00 
 8   1662 +2.07851e-01 
 8   1663 +2.84355e+00 
 8   1664 +1.07360e+00 
 8   1665 +1.93573e+00 
 8   1666 +2.82607e+00 
 8   1667 +2.09236e+00 
 8   1668 -2.94961e+00 
 8   1669 -3.49165e+00 
 8   1670 -1.95433e+00 
 8   1671 -3.29872e+00 
 8   1672 -3.73003e+00 
 8   1673 -4.01743e+00 
 8   1674 -4.17535e+00 
 8   1675 -4.06016e+00 
 8   1676 -4.21176e+00 
 8   1677 -4.44530e+00 
 8   1678 -4.38531e+00 
 8   1679 -4.18969e+00 
 8   1680 -3.57242e+00 
 8   1681 -2.19005e+00 
 8   1682 -3.11638e+00 
 8   1683 -3.66434e+00 
 8   1684 -4.41714e+00 
 8   1685 -4.05546e+00 
 8   1686 -4.22053e+00 
 8   1687 -2.24695e+00 
 8   1688 -1.54469e+00 
 8   1689 +8.29186e-01 
 8   1690 -1.08591e+00 
 8   1691 -3.77477e+00 
 8   1692 -3.76958e+00 
 8   1693 -4.50666e+00 
 8   1694 -4.21303e+00 
 8   1695 -4.08097e+00 
 8   1696 -4.36149e+00 
 8   1697 -4.35309e+00 
 8   1698 -3.63216e+00 
 8   1699 -3.10819e+00 
 8   1700 -4.08873e+00 
 8   1701 -4.02226e+00 
 8   1702 -1.34534e+00 
 8   1703 +1.27787e-01 
 8   1704 -1.53564e+00 
 8   1705 -4.29523e+00 
 8   1706 -4.93757e+00 
 9   1707 -3.50139e+00 
 9   1708 +2.20873e-01 
 9   1709 +2.26354e+00 
 9   1710 +9.83286e-01 
 9   1711 +2.45205e+00 
 9   1712 -7.48579e-01 
 9   1713 -7.36475e-01 
 9   1714 -9.33073e-01 
 9   1715 +2.24980e+00 
 9   1716 +2.09631e+00 
 9   1717 +1.53053e+00 
 9   1718 -2.23522e+00 
 9   1719 -2.85788e+00 
 9   1720 -2.00356e+00 
 9   1721 -2.29615e-01 
 9   1722 +2.77818e-01 
 9   1723 +1.44776e+00 
 9   1724 -5.56344e-01 
 9   1725 -1.06535e+00 
 9   1726 +2.60674e+00 
 9   1727 +7.72769e-01 
 9   1728 -1.19961e+00 
 9   1729 -1.00626e+00 
 9   1730 +2.56855e-01 
 9   1731 +4.16093e-01 
 9   1732 +6.27102e-01 
 9   1733 +1.78831e+00 
 9   1734 -3.34225e-01 
 9   1735 -1.77366e-01 
 9   1736 -1.18576e+00 
 9   1737 -6.30341e-01 
 9   1738 +1.10436e+00 
 9   1739 -4.37241e-01 
 9   1740 -1.71515e+00 
 9   1741 -2.16606e+00 
 9   1742 -2.62681e+00 
 9   1743 +2.23599e+00 
 9   1744 +5.00859e-01 
 9   1745 +1.10066e+00 
 9   1746          NaN 
 9   1747          NaN 
 9   1748          NaN 
 9   1749 +1.45032e+00 
 9   1750 -2.58233e+00 
 9   1751 +1.18934e+00 
 9   1752 +6.61147e-01 
 9   1753 -3.95286e-02 
 9   1754          NaN 
 9   1755 -7.25659e-01 
 9   1756 +3.74156e-01 
 9   1757 -1.79241e-02 
 9   1758 -1.84769e+00 
 9   1759 +1.11711e+00 
 9   1760 +2.61930e+00 
 9   1761 +1.69408e+00 
 9   1762 +2.05776e+00 
 9   1763 +2.51126e+00 
 9   1764 +2.47021e+00 
 9   1765 +1.53502e+00 
 9   1766 -4.66407e-01 
 9   1767 -1.55340e-01 
 9   1768 -1.60666e+00 
 9   1769 -1.59116e+00 
 9   1770 -1.99325e+00 
 9   1771 -7.50205e-01 
 9   1772 -6.88968e-01 
 9   1773 +2.71459e+00 
 9   1774 +6.92893e-01 
 9   1775 +7.04157e-01 
 9   1776 -9.24153e-01 
 9   1777 -4.16437e+00 
 9   1778 -4.08081e+00 
 9   1779 -4.08875e+00 
 9   1780 -3.90806e+00 
 9   1781 -3.99226e+00 
 9   1782 -3.74322e+00 
 9   1783 -3.55207e+00 
 9   1784 +5.09101e-01 
 9   1785 +1.25835e+00 
 9   1786 -1.55794e+00 
 9   1787 -2.23507e+00 
 9   1788 -3.11304e+00 
 9   1789 +7.24241e-01 
 9   1790 +3.07208e+00 
 9   1791 +3.11735e+00 
 9   1792 +1.26236e+00 
 9   1793 +1.16878e+00 
 9   1794 +1.04075e+00 
 9   1795 -3.79122e+00 
 9   1796 -2.34022e+00 
 9   1797 -8.61088e-01 
 9   1798 -4.41513e-01 
 9   1799 +2.63150e-01 
 9   1800 -1.57147e+00 
 9   1801 -3.53478e+00 
 9   1802 -1.49870e+00 
 9   1803 +8.84625e-01 
 9   1804 +3.79178e-01 
 9   1805 -3.12468e+00 
 9   1806 -2.96018e+00 
 9   1807 +9.96488e-01 
 9   1808 -3.24787e+00 
 9   1809 -4.21095e+00 
 9   1810 -4.13789e+00 
 9   1811 -3.87654e+00 
 9   1812 -3.27847e+00 
 9   1813 +1.66170e+00 
 9   1814 +3.35205e+00 
 9   1815 +3.11164e+00 
 9   1816 +9.64656e-01 
 9   1817 +3.12628e+00 
 9   1818 +2.36988e-01 
 9   1819 -6.42436e-01 
 9   1820 +1.45565e+00 
 9   1821 -2.24222e+00 
 9   1822 -9.40786e-01 
 9   1823 +9.25490e-02 
 9   1824 +2.76123e+00 
 9   1825 -4.31360e-02 
 9   1826 -1.26222e+00 
 9   1827 -1.49397e+00 
 9   1828 -1.59171e+00 
 9   1829 +5.88049e-02 
 9   1830 -2.75260e+00 
 9   1831 -5.29135e-01 
 9   1832 -1.77467e-01 
 9   1833 -2.67103e+00 
 9   1834 -1.77548e-01 
 9   1835 +1.21723e+00 
 9   1836 +5.51525e-01 
 9   1837 +2.16835e+00 
 9   1838 -1.43970e-01 
 9   1839 +1.60422e+00 
 9   1840 -1.89172e-01 
 9   1841 -3.70381e+00 
 9   1842 -3.85654e+00 
10   1843 -4.20355e+00 
10   1844 -3.53305e+00 
10   1845 -3.17167e+00 
10   1846 -2.84817e+00 
10   1847 +1.59199e+00 
10   1848 +2.98457e+00 
10   1849 +5.38586e-01 
10   1850 +9.91066e-01 
10   1851 -2.45378e+00 
10   1852 -4.14258e+00 
10   1853 -2.90188e+00 
10   1854 -2.12968e+00 
10   1855 -2.63798e+00 
10   1856 +4.13499e-01 
10   1857 -6.41032e-02 
10   1858 +1.12589e+00 
10   1859 -1.18103e+00 
10   1860 -3.52109e+00 
10   1861 -1.77482e+00 
10   1862 -1.41297e+00 
10   1863 -2.25002e+00 
10   1864 +6.10471e-01 
10   1865 +1.91302e+00 
10   1866 -1.22063e-02 
10   1867 +1.04137e+00 
10   1868 +3.22375e+00 
10   1869 +2.77255e+00 
10   1870 +6.12858e-01 
10   1871 +2.27623e+00 
10   1872 +2.96299e+00 
10   1873 +4.80245e-01 
10   1874 +8.53099e-01 
10   1875 -9.11376e-01 
10   1876 -2.36623e+00 
10   1877 -2.49299e+00 
10   1878 +1.74869e-01 
10   1879 +5.74053e-02 
10   1880 +1.50991e+00 
10   1881 +1.39437e+00 
10   1882 +3.04387e+00 
10   1883 +1.89291e+00 
10   1884 +2.09399e+00 
10   1885 +2.89263e+00 
10   1886 -1.19796e+00 
10   1887 -3.14288e+00 
10   1888 -3.34025e+00 
10   1889 -3.88715e+00 
10   1890 -4.14196e+00 
10   1891 +1.08001e+00 
10   1892 +2.22523e+00 
10   1893 +1.69061e+00 
10   1894          NaN 
10   1895          NaN 
10   1896          NaN 
10   1897 +1.94596e+00 
10   1898 +2.02461e+00 
10   1899 +2.00168e+00 
10   1900 -5.26690e-01 
10   1901 +1.36367e+00 
10   1902 -2.98760e-01 
10   1903 -1.59394e+00 
10   1904 -4.26097e+00 
10   1905 -3.08405e+00 
10   1906 -3.24794e+00 
10   1907 -4.12887e+00 
10   1908 -3.94087e+00 
10   1909 -3.79194e+00 
10   1910 -4.25157e+00 
10   1911 -4.17840e+00 
10   1912 -3.42530e+00 
10   1913 -3.15458e+00 
10   1914 -3.61243e+00 
10   1915 -4.02845e+00 
10   1916 -3.75905e+00 
10   1917 -3.60857e+00 
10   1918 -3.78865e+00 
10   1919 -3.72317e+00 
10   1920 -3.63177e+00 
10   1921 -2.65771e+00 
10   1922 +3.29016e-01 
10   1923 +1.33129e+00 
10   1924 +3.02117e+00 
10   1925 -3.39474e-01 
10   1926 +7.41539e-01 
10   1927 -2.04372e+00 
10   1928 -2.70779e+00 
10   1929 -1.21002e+00 
10   1930 +2.16322e+00 
10   1931 +2.61227e+00 
10   1932 +2.26114e+00 
10   1933 +2.15049e+00 
10   1934 +2.06752e+00 
10   1935 +9.41006e-01 
10   1936 +8.72464e-01 
10   1937 -3.77970e-01 
10   1938 -1.95710e+00 
10   1939 +2.27281e+00 
10   1940 +1.16760e+00 
10   1941 +2.54098e+00 
10   1942 +3.21836e+00 
10   1943 +1.87811e+00 
10   1944 +1.42168e+00 
10   1945 +5.32213e-02 
10   1946 +1.45474e+00 
10   1947 +2.97463e+00 
10   1948 +2.73565e+00 
10   1949 +2.90080e+00 
10   1950 -6.14589e-01 
10   1951 -1.00776e+00 
10   1952 +2.29355e+00 
10   1953 +1.61301e+00 
10   1954 -1.01676e+00 
10   1955 +1.11683e+00 
10   1956 -5.86072e-01 
10   1957 +1.13055e+00 
10   1958 -2.01243e-02 
10   1959 -2.96162e+00 
10   1960 -3.65532e+00 
10   1961 -3.97500e+00 
10   1962 -3.45493e+00 
10   1963 -3.07131e+00 
10   1964 +2.18314e-01 
10   1965 +1.18992e-01 
10   1966 +6.50929e-01 
10   1967 +5.02387e-01 
10   1968 -2.58836e+00 
10   1969 -8.98995e-01 
10   1970 +3.55289e+00 
10   1971 +8.99668e-01 
10   1972 +3.50181e-01 
10   1973 +1.14340e+00 
10   1974 +2.46907e+00 
10   1975 +2.80515e+00 
10   1976 +5.41494e-01 
10   1977 -1.31595e+00 
10   1978          NaN 
11   1979 -3.26689e+00 
11   1980 -3.25089e+00 
11   1981 -1.75734e+00 
11   1982 -2.36461e+00 
11   1983 -5.14270e-01 
11   1984 +1.07784e+00 
11   1985 -3.08058e+00 
11   1986 -6.19900e-01 
11   1987 -1.79808e+00 
11   1988 -6.08389e-01 
11   1989 +3.44506e-01 
11   1990 +3.67973e-03 
11   1991 -2.91940e+00 
11   1992 +7.06104e-01 
11   1993 +1.50801e+00 
11   1994 +2.12964e+00 
11   1995 +1.70399e+00 
11   1996 +2.04348e+00 
11   1997 +8.60982e-01 
11   1998 -1.54163e+00 
11   1999 +2.30687e+00 
11   2000 +2.28393e+00 
11   2001 +1.65366e+00 
11   2002 +5.86415e-01 
11   2003 -4.68857e-01 
11   2004 -5.95083e-01 
11   2005 -6.20908e-01 
11   2006 -2.51498e+00 
11   2007 +5.17464e-02 
11   2008 -7.27621e-01 
11   2009 -1.24340e+00 
11   2010 -3.13404e+00 
11   2011 -2.71912e+00 
11   2012 +1.92715e+00 
11   2013 +1.52794e+00 
11   2014          NaN 
11   2015          NaN 
11   2016 +1.96757e+00 
11   2017 +8.75963e-01 
11   2018 -5.70055e-01 
11   2019 +8.33984e-01 
11   2020 +9.79823e-01 
11   2021 -1.72221e+00 
11   2022 -2.11104e-01 
11   2023 +1.17956e+00 
11   2024 +8.90436e-01 
11   2025 +2.37425e-01 
11   2026 +2.29408e+00 
11   2027 -1.73785e+00 
11   2028 -4.19904e+00 
11   2029 -4.22664e+00 
11   2030 -3.99811e+00 
11   2031 -3.79608e+00 
11   2032 -4.01683e+00 
11   2033 -3.22209e+00 
11   2034 +1.41421e+00 
11   2035 -3.61298e+00 
11   2036 -3.62469e+00 
11   2037 -5.19152e-01 
11   2038 +1.96981e+00 
11   2039 +2.16415e+00 
11   2040 +3.27171e+00 
11   2041 +8.46872e-01 
11   2042 +5.04753e-01 
11   2043 -1.56323e+00 
11   2044 +4.25352e-01 
11   2045 +5.56608e-01 
11   2046 +1.41340e+00 
11   2047 +9.15462e-01 
11   2048 -1.12415e+00 
11   2049 +1.33040e+00 
11   2050 +2.29487e+00 
11   2051 +2.87048e-01 
11   2052 +2.02276e+00 
11   2053 +3.10991e+00 
11   2054 +2.19442e+00 
11   2055 -1.61089e+00 
11   2056 +1.11276e+00 
11   2057 -1.48132e+00 
11   2058 -2.08809e+00 
11   2059 -7.99336e-01 
11   2060 -1.02521e+00 
11   2061 -8.65123e-01 
11   2062 +2.41194e-01 
11   2063 +1.09059e+00 
11   2064 +1.31590e+00 
11   2065 +1.56942e+00 
11   2066 +1.79314e+00 
11   2067 +1.52585e+00 
11   2068 +1.16567e+00 
11   2069 +2.28481e+00 
11   2070 +2.43381e+00 
11   2071 +1.19165e+00 
11   2072 -2.90860e+00 
11   2073 -3.01825e+00 
11   2074 -3.70901e+00 
11   2075 -1.94028e+00 
11   2076 +1.22410e+00 
11   2077 +1.10660e+00 
11   2078 +2.24000e+00 
11   2079 -1.12551e-01 
11   2080 -2.10991e+00 
11   2081 +4.32171e-01 
11   2082 +2.17898e+00 
11   2083 -2.78047e+00 
11   2084 -2.91982e+00 
11   2085 -2.30171e+00 
11   2086 -1.94510e+00 
11   2087 -8.78107e-01 
11   2088 -3.72571e+00 
11   2089 -4.31085e+00 
11   2090 -4.29974e+00 
11   2091 -4.07457e+00 
11   2092 -3.96091e+00 
11   2093 -2.25947e+00 
11   2094 +2.62244e-01 
11   2095 -2.47074e+00 
11   2096 -2.06386e+00 
11   2097 -3.19498e-01 
11   2098 +1.09757e+00 
11   2099 -3.24452e+00 
11   2100 -4.28945e+00 
11   2101 -4.07899e+00 
11   2102 -3.95377e+00 
11   2103 -3.92973e+00 
11   2104 -2.15785e+00 
11   2105 +2.72875e+00 
11   2106 +2.64397e+00 
11   2107 +2.33352e+00 
11   2108 +1.76018e+00 
11   2109 +1.15729e+00 
11   2110 -9.86477e-01 
11   2111 -3.34253e+00 
11   2112 -2.61774e+00 
12   2113          NaN 
12   2114          NaN 
12   2115          NaN 
12   2116          NaN 
12   2117          NaN 
12   2118          NaN 
12   2119          NaN 
12   2120          NaN 
12   2121          NaN 
12   2122          NaN 
12   2123          NaN 
12   2124          NaN 
12   2125          NaN 
12   2126          NaN 
12   2127          NaN 
12   2128          NaN 
12   2129          NaN 
12   2130          NaN 
12   2131          NaN 
12   2132 -5.77966e-01 
12   2133 -3.08938e+00 
12   2134 -3.22372e+00 
12   2135 -1.65129e-01 
12   2136 -7.44727e-01 
12   2137 -2.81234e+00 
12   2138 -2.89885e+00 
12   2139 -2.74000e+00 
12   2140 -2.88721e+00 
12   2141 -3.02077e+00 
12   2142 -1.17554e+00 
12   2143 -2.97486e+00 
12   2144 -3.00520e+00 
12   2145 -2.37521e+00 
12   2146 -2.48341e+00 
12   2147 -1.04855e+00 
12   2148 -1.11652e+00 
12   2149 -1.76982e+00 
12   2150 +2.83033e-01 
12   2151 +8.56323e-01 
12   2152 -1.40164e+00 
12   2153 -1.41910e+00 
12   2154 -1.96763e+00 
12   2155 -2.10950e+00 
12   2156 -1.65071e+00 
12   2157 -2.72041e+00 
12   2158 -3.45557e+00 
12   2159 -2.56211e+00 
12   2160 +2.61083e-01 
12   2161 -7.57741e-01 
12   2162 -1.51820e+00 
12   2163 -3.27420e+00 
12   2164 -2.78439e+00 
12   2165 -2.11315e+00 
12   2166 -2.39465e+00 
12   2167 -1.37333e+00 
12   2168 +9.54577e-01 
12   2169 +2.92887e+00 
12   2170 +2.11203e+00 
12   2171 +1.54409e+00 
12   2172 +3.14608e-01 
12   2173 -1.38057e+00 
12   2174 +4.77912e-01 
12   2175 +1.04885e+00 
12   2176 +2.97231e+00 
12   2177 +2.20827e+00 
12   2178 +1.86553e+00 
12   2179 +9.66322e-01 
12   2180 -9.78246e-01 
12   2181 +1.57066e+00 
12   2182 +1.84704e+00 
12   2183 +1.90337e+00 
12   2184 +1.26252e-01 
12   2185 -1.78131e+00 
12   2186 -2.20397e+00 
12   2187 +1.93262e-01 
12   2188 +7.70811e-01 
12   2189 +1.12051e+00 
12   2190 +8.69201e-01 
12   2191 +2.32038e+00 
12   2192 +1.55185e+00 
12   2193 +8.61058e-01 
12   2194 +2.89488e+00 
12   2195 +1.69445e+00 
12   2196 +2.31750e+00 
12   2197 +4.96343e-01 
12   2198 +1.97785e+00 
12   2199 +2.50674e+00 
12   2200 +3.12549e+00 
12   2201 +3.12518e+00 
12   2202 +3.38994e+00 
12   2203 +2.79299e+00 
12   2204 +2.43886e+00 
12   2205 +2.37400e+00 
12   2206 +1.93849e+00 
12   2207 -9.31180e-01 
12   2208 -2.69390e+00 
12   2209 -2.55396e+00 
12   2210 -8.86295e-01 
12   2211 -2.06880e+00 
12   2212 -3.42756e+00 
12   2213 -2.56401e+00 
12   2214 +5.43180e-01 
12   2215 +2.94600e+00 
12   2216 +1.11363e+00 
12   2217 +3.36616e+00 
12   2218 +3.04091e+00 
12   2219 +2.01096e+00 
12   2220 +1.92178e+00 
12   2221 +2.12150e+00 
12   2222 +3.00213e+00 
12   2223 +1.71670e+00 
12   2224 -1.98980e+00 
12   2225 -1.33097e+00 
12   2226 -3.43639e+00 
12   2227 -3.85926e+00 
12   2228 -3.55941e+00 
13   2229          NaN 
13   2230          NaN 
13   2231          NaN 
13   2232          NaN 
13   2233          NaN 
13   2234          NaN 
13   2235          NaN 
13   2236          NaN 
13   2237          NaN 
13   2238          NaN 
13   2239          NaN 
13   2240          NaN 
13   2241          NaN 
13   2242          NaN 
13   2243          NaN 
13   2244          NaN 
13   2245          NaN 
13   2246          NaN 
13   2247          NaN 
13   2248 -4.04635e-01 
13   2249 -2.68290e-01 
13   2250 -2.96066e+00 
13   2251 +2.18790e-01 
13   2252 -3.32071e+00 
13   2253 -2.37510e+00 
13   2254 +1.45377e+00 
13   2255 +1.16766e+00 
13   2256 +9.50917e-01 
13   2257 +2.08012e+00 
13   2258 +1.25096e+00 
13   2259 +1.00964e-02 
13   2260 -2.90336e+00 
13   2261 -2.01766e+00 
13   2262 -3.19996e-01 
13   2263 -2.06795e+00 
13   2264 -3.38338e+00 
13   2265 -1.62619e+00 
13   2266 +9.57886e-01 
13   2267 +1.77763e+00 
13   2268 +8.53287e-02 
13   2269 +8.37790e-01 
13   2270 +1.71403e+00 
13   2271 +1.25891e+00 
13   2272 +1.35129e+00 
13   2273 +4.03423e-01 
13   2274 -4.01831e-01 
13   2275 +2.31906e+00 
13   2276 +2.49724e+00 
13   2277 +2.56623e+00 
13   2278 +4.38299e-01 
13   2279 -3.70787e+00 
13   2280 -3.30615e+00 
13   2281 -1.46350e+00 
13   2282 -1.12939e+00 
13   2283 -3.02742e-01 
13   2284 -3.48285e+00 
13   2285 -2.68321e+00 
13   2286 -2.71989e+00 
13   2287 -1.90149e-01 
13   2288 +5.80816e-01 
13   2289 +1.11239e+00 
13   2290 +3.92676e-01 
13   2291 +1.17870e+00 
13   2292 -2.27406e-01 
13   2293 -3.51287e+00 
13   2294 -3.91703e+00 
13   2295 -1.29880e+00 
13   2296 -1.87330e+00 
13   2297 -2.37400e+00 
13   2298 -3.53317e+00 
13   2299 -1.20790e+00 
13   2300 -2.28614e+00 
13   2301 -3.23192e-02 
13   2302 -3.32458e+00 
13   2303 -4.20567e+00 
13   2304 -4.09410e+00 
13   2305 -3.06087e+00 
13   2306 -3.40922e+00 
13   2307 +4.42912e-02 
13   2308 +2.26574e+00 
13   2309 +2.56165e+00 
13   2310 +6.07687e-01 
13   2311 +5.34344e-01 
13   2312 +1.22789e+00 
13   2313 +8.69862e-01 
13   2314 +3.79006e-01 
13   2315 +1.96018e+00 
13   2316 +3.38854e+00 
13   2317 +2.33038e+00 
13   2318 -1.50925e+00 
13   2319 -1.94012e+00 
13   2320 -3.11129e+00 
13   2321 -2.54169e+00 
13   2322 -2.80993e+00 
13   2323 -2.77034e+00 
13   2324 -1.73596e+00 
13   2325 -1.89748e+00 
13   2326 -7.07952e-03 
13   2327 +2.44987e+00 
13   2328 -9.93218e-01 
13   2329 -3.79737e+00 
13   2330 -1.19438e+00 
13   2331 -3.38589e+00 
13   2332 -4.33282e+00 
13   2333 -3.30130e+00 
13   2334 -4.28268e+00 
13   2335 +5.61093e-01 
13   2336          NaN 
14   2337          NaN 
14   2338          NaN 
14   2339          NaN 
14   2340          NaN 
14   2341          NaN 
14   2342          NaN 
14   2343          NaN 
14   2344          NaN 
14   2345          NaN 
14   2346          NaN 
14   2347          NaN 
14   2348          NaN 
14   2349          NaN 
14   2350          NaN 
14   2351          NaN 
14   2352          NaN 
14   2353          NaN 
14   2354          NaN 
14   2355          NaN 
14   2356          NaN 
14   2357 +4.55036e-02 
14   2358 +6.96169e-01 
14   2359 -7.58299e-01 
14   2360 -7.62940e-01 
14   2361 +1.35599e+00 
14   2362 -1.08601e+00 
14   2363 -6.26259e-01 
14   2364 +4.47467e-01 
14   2365 -1.33906e+00 
14   2366 -1.91428e+00 
14   2367 -1.71732e+00 
14   2368 -2.47194e+00 
14   2369 -5.57877e-01 
14   2370 +7.22790e-01 
14   2371 -5.80908e-01 
14   2372 +5.34224e-01 
14   2373 -4.55747e-01 
14   2374 -4.42995e-01 
14   2375 +7.92742e-01 
14   2376 +1.09661e+00 
14   2377 -3.61537e+00 
14   2378 -4.31974e+00 
14   2379 -4.00109e+00 
14   2380 -3.80619e+00 
14   2381 -3.57487e+00 
14   2382 -2.73533e+00 
14   2383 +2.08430e+00 
14   2384 +1.83817e+00 
14   2385 -3.66410e-01 
14   2386 -1.19841e+00 
14   2387 -1.88992e+00 
14   2388 -1.14087e+00 
14   2389 -2.61182e+00 
14   2390 +1.83578e+00 
14   2391 +1.77911e+00 
14   2392 -1.97418e-01 
14   2393 -2.75035e-01 
14   2394 -2.38560e+00 
14   2395 -1.20027e+00 
14   2396 -2.76128e+00 
14   2397 -1.05924e+00 
14   2398 +9.42647e-02 
14   2399 -1.22531e+00 
14   2400 -3.24932e+00 
14   2401 -4.05667e+00 
14   2402 -4.19463e+00 
14   2403 -4.30720e+00 
14   2404 -3.62876e+00 
14   2405 -3.29787e+00 
14   2406 -2.63408e+00 
14   2407 -2.84704e+00 
14   2408 -2.28867e+00 
14   2409 -3.13350e+00 
14   2410 -2.37624e+00 
14   2411 -4.22954e+00 
14   2412 -4.45058e+00 
14   2413 -3.40236e+00 
14   2414 -3.24145e+00 
14   2415 -4.07178e+00 
14   2416 -8.31825e-01 
14   2417 -6.56761e-01 
14   2418 +7.30146e-01 
14   2419 -1.33874e+00 
14   2420 -2.33818e+00 
14   2421 +1.00660e+00 
14   2422 -3.55912e+00 
14   2423 +1.42816e-02 
14   2424 +2.40740e+00 
14   2425 +1.33538e+00 
14   2426 -2.35264e+00 
14   2427 -3.96718e+00 
14   2428 -1.42550e+00 
14   2429 +1.11094e+00 
14   2430 -1.02004e+00 
14   2431 +2.92740e+00 
14   2432 +2.96828e+00 
14   2433 +3.87206e-01 
14   2434 +2.78341e+00 
14   2435 +2.49425e+00 
14   2436 -1.37515e+00 
14   2437 +9.79743e-02 
14   2438 -1.36895e+00 
14   2439 -4.15232e-01 
15   2440 -4.42961e+00 
15   2441 -4.47868e+00 
15   2442 -4.31779e+00 
15   2443 -4.07452e+00 
15   2444 -4.31885e+00 
15   2445 -4.98070e-02 
15   2446 +1.39108e+00 
15   2447 +1.65941e+00 
15   2448 -9.55797e-01 
15   2449 +2.62213e-01 
15   2450 -6.46444e-01 
15   2451 -3.46040e+00 
15   2452 -5.62111e-01 
15   2453 +7.39944e-01 
15   2454 -2.95761e+00 
15   2455 -3.51861e+00 
15   2456 -1.27704e+00 
15   2457 +5.85733e-01 
15   2458 -1.09200e+00 
15   2459 -1.84515e+00 
15   2460 -4.89098e-01 
15   2461 -3.55569e+00 
15   2462 -2.42120e+00 
15   2463 -1.39359e+00 
15   2464 -1.62152e+00 
15   2465 +4.32290e-01 
15   2466 +1.20446e+00 
15   2467 -2.38222e+00 
15   2468 -3.61971e+00 
15   2469 -3.78567e+00 
15   2470 -4.18409e+00 
15   2471 -1.81525e+00 
15   2472 +5.03372e-01 
15   2473 -2.29378e-01 
15   2474 +7.25990e-01 
15   2475 +1.32746e+00 
15   2476          NaN 
15   2477          NaN 
15   2478          NaN 
15   2479          NaN 
15   2480          NaN 
15   2481          NaN 
15   2482          NaN 
15   2483          NaN 
15   2484          NaN 
15   2485          NaN 
15   2486 -2.87031e+00 
15   2487 -2.07625e+00 
15   2488 -1.34883e+00 
15   2489 -1.51963e+00 
15   2490 -2.95153e+00 
15   2491 -1.50278e+00 
15   2492 -1.30270e+00 
15   2493 -2.41056e+00 
15   2494 -1.81464e+00 
15   2495 -8.05442e-01 
15   2496 -2.95392e+00 
15   2497 -4.35612e+00 
15   2498 -2.22081e+00 
15   2499 +1.71797e+00 
15   2500 +7.41147e-01 
15   2501 +1.37727e+00 
15   2502 -3.13185e-01 
15   2503 +1.19176e+00 
15   2504 +2.53562e+00 
15   2505 +1.97919e+00 
15   2506 -2.73029e+00 
15   2507 -4.31200e+00 
15   2508 -3.91864e+00 
15   2509 -3.95360e+00 
15   2510 -3.38919e+00 
15   2511 -1.69298e+00 
15   2512 -1.81059e+00 
15   2513 -8.39936e-01 
15   2514 -3.04332e+00 
15   2515 -1.90630e+00 
15   2516 +2.05181e+00 
15   2517 +1.83211e+00 
15   2518 +1.52908e+00 
15   2519 +6.22807e-01 
15   2520 +1.12187e+00 
15   2521 -2.20341e+00 
15   2522 +1.19975e+00 
15   2523 +3.96421e-01 
15   2524 -3.84070e+00 
15   2525 -3.96457e+00 
15   2526 -2.61953e+00 
15   2527 -3.62536e+00 
15   2528 -4.05005e+00 
15   2529 -4.44111e+00 
15   2530 -3.95790e+00 
16   2531 -3.87002e+00 
16   2532 -4.37425e+00 
16   2533 -3.33601e+00 
16   2534 -2.32768e+00 
16   2535 -4.24497e+00 
16   2536 -2.11696e+00 
16   2537 -1.53714e+00 
16   2538 -3.75010e+00 
16   2539 -2.29579e+00 
16   2540 -6.32400e-02 
16   2541 +5.75263e-01 
16   2542 +8.61302e-01 
16   2543 +7.80501e-01 
16   2544 +1.31332e+00 
16   2545 +1.16321e+00 
16   2546 -1.14474e+00 
16   2547 -3.08000e+00 
16   2548 -4.52880e+00 
16   2549 -4.03272e+00 
16   2550 -3.89914e+00 
16   2551 -2.06462e+00 
16   2552 -1.79968e+00 
16   2553 +9.24989e-01 
16   2554          NaN 
16   2555          NaN 
16   2556 -2.27709e+00 
16   2557 -3.66190e+00 
16   2558 -4.15020e+00 
16   2559 -4.06350e+00 
16   2560 -3.98005e+00 
16   2561 -3.39093e+00 
16   2562 -2.10375e-01 
16   2563 -1.82254e-01 
16   2564 -1.60294e+00 
16   2565 -2.75387e+00 
16   2566 -4.26212e+00 
16   2567 -3.48545e+00 
16   2568 -4.22939e+00 
16   2569 -3.56251e+00 
16   2570 -2.11808e+00 
16   2571 -4.06130e+00 
16   2572 -4.43090e+00 
16   2573 -4.40925e+00 
16   2574 -4.34139e+00 
16   2575 -3.43984e+00 
16   2576 -4.00566e+00 
16   2577 -3.93131e+00 
16   2578 -4.02119e+00 
16   2579 -4.23597e+00 
16   2580 -5.61465e-01 
16   2581 +2.62935e+00 
16   2582 +2.13647e+00 
16   2583 +1.31797e+00 
16   2584 +5.12949e-01 
16   2585 +5.92770e-01 
16   2586 -3.76152e+00 
16   2587 -3.49338e+00 
16   2588 -3.30206e+00 
16   2589 -2.81088e+00 
16   2590 -1.83177e+00 
16   2591 -2.98376e+00 
16   2592 -3.75642e+00 
16   2593 -3.48494e+00 
16   2594 +9.71431e-02 
16   2595 -1.19760e+00 
16   2596 -3.79800e+00 
16   2597 -7.72544e-01 
16   2598 +1.78727e+00 
16   2599 +2.86907e+00 
16   2600 +2.50711e+00 
16   2601 +5.00526e-01 
16   2602 -1.93967e+00 
16   2603 -3.09571e+00 
16   2604 -4.49606e+00 
16   2605 -4.15457e+00 
16   2606 -3.61887e+00 
16   2607 -3.93324e+00 
16   2608 -3.29098e+00 
16   2609 -3.90253e+00 
16   2610 -4.27718e+00 
16   2611 -4.05305e+00 
16   2612          NaN 
17   2613 -8.15658e-01 
17   2614 +1.13343e+00 
17   2615 -7.60225e-01 
17   2616 -2.73939e+00 
17   2617 -7.37835e-01 
17   2618 +9.35000e-01 
17   2619 +1.99799e+00 
17   2620 +1.71302e+00 
17   2621 -1.07595e+00 
17   2622 -2.58072e+00 
17   2623 +7.92189e-01 
17   2624 +1.06479e-01 
17   2625 -3.15932e+00 
17   2626 -1.21827e+00 
17   2627 -1.74936e-01 
17   2628 +1.92762e+00 
17   2629          NaN 
17   2630          NaN 
17   2631 -2.69808e+00 
17   2632 -1.83013e+00 
17   2633 -1.66784e+00 
17   2634 -2.67756e+00 
17   2635 +1.16946e+00 
17   2636 +5.95181e-01 
17   2637 +8.48614e-01 
17   2638 +6.32342e-01 
17   2639 +9.71116e-01 
17   2640 +1.70641e+00 
17   2641 +1.28031e-01 
17   2642 -1.09640e+00 
17   2643 +1.84578e+00 
17   2644 +2.77814e+00 
17   2645 +6.39890e-01 
17   2646 -2.32322e+00 
17   2647 -1.39538e+00 
17   2648 +1.48415e-01 
17   2649 -7.41408e-01 
17   2650 -1.05826e+00 
17   2651 +2.50576e-01 
17   2652 -8.23402e-01 
17   2653 -8.13793e-02 
17   2654 +1.98926e+00 
17   2655 +1.38572e+00 
17   2656 -1.85542e+00 
17   2657 -1.94344e+00 
17   2658 -2.52282e+00 
17   2659 -4.09657e+00 
17   2660 -3.28629e+00 
17   2661 -1.26932e+00 
17   2662 +2.57506e+00 
17   2663 +2.90259e+00 
17   2664 +1.66191e+00 
17   2665 -2.56630e-01 
17   2666 -1.47524e+00 
17   2667 -1.41899e+00 
17   2668 -2.30402e+00 
17   2669 -2.40253e+00 
17   2670 +1.37602e+00 
17   2671 +2.55337e+00 
17   2672 -7.98356e-01 
17   2673 -2.64871e+00 
17   2674 +4.46729e-01 
17   2675 +1.48425e+00 
17   2676 +1.04944e+00 
17   2677 +2.52004e+00 
17   2678 +2.13927e+00 
17   2679 +1.87093e+00 
17   2680 +1.94214e+00 
17   2681 +2.88915e+00 
17   2682 +2.05971e+00 
17   2683 +3.32487e+00 
17   2684 +1.71602e+00 
17   2685 +9.81690e-02 
17   2686 +2.00231e+00 
17   2687 -1.06807e+00 
17   2688 +2.48881e+00 
17   2689 -6.89769e-01 
17   2690 -3.16422e+00 
17   2691 -3.73883e+00 
18   2692 -4.09858e+00 
18   2693 -4.05944e+00 
18   2694 -4.32236e+00 
18   2695 -4.23893e+00 
18   2696 -4.68500e+00 
18   2697 -4.49683e+00 
18   2698 -3.29006e+00 
18   2699 -3.93492e+00 
18   2700 -3.18673e+00 
18   2701 -1.58296e+00 
18   2702 -4.60730e+00 
18   2703 -3.52300e+00 
18   2704 -2.32064e+00 
18   2705 -3.65930e+00 
18   2706 -3.55682e+00 
18   2707 -2.84470e+00 
18   2708 -3.70343e+00 
18   2709 -4.19873e+00 
18   2710 -4.03733e+00 
18   2711 -3.05753e+00 
18   2712 +1.21213e+00 
18   2713 +4.20033e-01 
18   2714 +8.00755e-01 
18   2715 -6.37911e-02 
18   2716 -8.44735e-01 
18   2717          NaN 
18   2718          NaN 
18   2719 +1.09604e+00 
18   2720 +4.51016e-01 
18   2721 +1.44612e-01 
18   2722 -3.67278e+00 
18   2723 -5.71278e-01 
18   2724 -5.76729e-02 
18   2725 -3.41723e+00 
18   2726 -3.10710e+00 
18   2727 -3.15319e+00 
18   2728 -3.59165e+00 
18   2729 -1.49135e+00 
18   2730 -3.25446e+00 
18   2731 -4.20612e+00 
18   2732 -3.63630e+00 
18   2733 -3.66636e+00 
18   2734 -3.71939e+00 
18   2735 -1.15402e+00 
18   2736 -1.61508e+00 
18   2737 -4.31317e+00 
18   2738 -4.15206e+00 
18   2739 -4.26624e+00 
18   2740 -3.91591e+00 
18   2741 -4.13467e+00 
18   2742 -3.94690e+00 
18   2743 -2.98672e+00 
18   2744 -9.39280e-01 
18   2745 -1.05054e+00 
18   2746 -2.46820e+00 
18   2747 -2.08305e+00 
18   2748 -4.70457e-01 
18   2749 -7.48023e-01 
18   2750 -2.75679e+00 
18   2751 -3.69009e+00 
19   2752 -3.33120e+00 
19   2753 -2.10128e+00 
19   2754 -3.01982e+00 
19   2755 -3.77545e+00 
19   2756 -4.51025e-01 
19   2757 -5.75901e-01 
19   2758 +1.64283e+00 
19   2759 +2.54118e+00 
19   2760 +1.51124e-01 
19   2761 +1.20525e+00 
19   2762 +5.51337e-01 
19   2763 +4.68933e-01 
19   2764 +2.48347e+00 
19   2765 +8.67944e-01 
19   2766 +2.69552e+00 
19   2767 +1.57816e+00 
19   2768 +1.41781e+00 
19   2769 -8.01876e-01 
19   2770 +1.26399e-01 
19   2771 +1.09720e+00 
19   2772 -2.19562e-01 
19   2773 +5.30287e-02 
19   2774 +1.77343e+00 
19   2775 -7.53462e-01 
19   2776 +3.03178e-01 
19   2777 -2.14166e+00 
19   2778 +5.00198e-01 
19   2779          NaN 
19   2780          NaN 
19   2781 -7.44781e-02 
19   2782 -3.88467e+00 
19   2783 -4.14797e+00 
19   2784 -4.48425e+00 
19   2785 -4.29693e+00 
19   2786 -4.40011e+00 
19   2787 -4.36068e+00 
19   2788 -4.24228e+00 
19   2789 -1.88744e+00 
19   2790 +2.22110e+00 
19   2791 -7.21514e-01 
19   2792 +2.00739e-01 
19   2793 +1.17762e+00 
19   2794 -2.12549e+00 
19   2795 -2.68079e+00 
19   2796 -2.88878e+00 
19   2797 -2.35797e+00 
19   2798 -3.21000e+00 
19   2799 -4.12594e+00 
19   2800 -4.31789e+00 
19   2801 -3.43261e+00 
19   2802 -2.03508e+00 
19   2803 +2.06409e+00 
19   2804 -2.55276e-01 
19   2805 +2.42764e+00 
19   2806 +1.50780e+00 
19   2807 -3.14863e+00 
19   2808 -1.68011e+00 
19   2809 -2.15414e+00 
19   2810 +4.69880e-01 
19   2811 +7.49371e-01 
19   2812 -3.10534e+00 
19   2813 -4.39334e+00 
19   2814 -4.14121e+00 
19   2815          NaN 
20   2816          NaN 
20   2817          NaN 
20   2818          NaN 
20   2819          NaN 
20   2820          NaN 
20   2821          NaN 
20   2822          NaN 
20   2823          NaN 
20   2824          NaN 
20   2825          NaN 
20   2826 -2.41703e-01 
20   2827 -2.41703e-01 
20   2828          NaN 
20   2829          NaN 
20   2830 +9.91411e-01 
20   2831 +6.13374e-01 
20   2832 +1.71502e+00 
20   2833 -4.09943e-01 
20   2834 +1.13032e+00 
20   2835 +9.67114e-01 
20   2836 +4.60391e-01 
20   2837 +1.97834e+00 
20   2838 +2.09586e+00 
20   2839 +1.59590e+00 
20   2840 +1.34795e+00 
20   2841 +1.30478e+00 
20   2842 +6.14472e-01 
20   2843 -1.54938e+00 
20   2844 +1.66788e+00 
20   2845 +2.57246e+00 
20   2846 +7.01138e-01 
20   2847 +1.96623e+00 
20   2848 -5.72422e-02 
20   2849 -2.86646e+00 
20   2850 -3.62200e+00 
20   2851 -2.97529e+00 
20   2852 +3.72155e-01 
20   2853 -1.69354e+00 
20   2854 -2.63874e+00 
20   2855 +6.41977e-01 
20   2856 -9.69491e-01 
20   2857 +7.16194e-01 
20   2858 -3.46983e-01 
20   2859 -2.83000e+00 
20   2860 -4.25359e+00 
20   2861 -3.96187e+00 
20   2862 -4.00035e+00 
20   2863 -3.86494e+00 
20   2864 -3.17686e+00 
21   2865          NaN 
21   2866          NaN 
21   2867          NaN 
21   2868          NaN 
21   2869          NaN 
21   2870          NaN 
21   2871          NaN 
21   2872          NaN 
21   2873          NaN 
21   2874          NaN 
21   2875          NaN 
21   2876          NaN 
21   2877          NaN 
21   2878          NaN 
21   2879          NaN 
21   2880          NaN 
21   2881 -1.72900e+00 
21   2882 -2.85830e+00 
21   2883 -4.00866e+00 
21   2884 -4.12127e+00 
21   2885 -4.06441e+00 
21   2886 -3.67928e+00 
21   2887 -3.05182e+00 
21   2888 -3.22924e+00 
21   2889 -4.00924e+00 
21   2890 -3.66096e+00 
21   2891 -4.01693e+00 
21   2892 -3.09337e+00 
21   2893 -3.64898e+00 
21   2894 -4.47296e+00 
21   2895 -3.30509e+00 
21   2896 -2.36468e+00 
22   2897 -1.04852e+00 
22   2898 -2.47049e+00 
22   2899 -2.04683e+00 
22   2900 +1.23116e+00 
22   2901 +3.00894e+00 
22   2902 +2.89146e+00 
22   2903 +1.46131e+00 
22   2904 +1.59240e+00 
22   2905 +2.62047e+00 
22   2906 -9.17654e-01 
22   2907 -3.37498e-02 
22   2908 +1.55336e+00 
22   2909 +7.47176e-01 
22   2910 -1.60001e+00 
22   2911 +2.21437e+00 
22   2912 +2.08813e-01 
22   2913 -9.39152e-01 
22   2914 +6.41688e-02 
22   2915 -1.62756e+00 
22   2916 -2.37485e+00 
22   2917 +9.79015e-01 
22   2918 +9.55202e-01 
22   2919 +2.24243e+00 
22   2920 +1.14854e-01 
22   2921 -3.54740e+00 
22   2922 +5.32139e-01 
22   2923 +2.99830e+00 
22   2924 +1.88296e+00 
22   2925 -2.14728e-01 
22   2926 -1.85180e+00 
22   2927 +2.32582e-02 
22   2928 +1.23825e+00 
22   2929 +2.84246e+00 
22   2930 +2.70227e+00 
22   2931 +2.48600e+00 
22   2932 +2.93679e+00 
22   2933 +2.05945e+00 
22   2934 +2.90901e-01 
22   2935 +6.63240e-01 
22   2936 -1.70003e+00 
22   2937 -3.42676e+00 
22   2938 -2.08328e+00 
22   2939 -1.54213e-01 
22   2940 +4.56249e-01 
22   2941 -9.04342e-01 
22   2942 -2.38295e-01 
22   2943 -2.81412e+00 
22   2944 -3.14677e+00 
22   2945 -3.44543e+00 
22   2946 -2.31269e+00 
22   2947 -1.97034e-01 
22   2948 -2.77432e-01 
22   2949 -2.20577e-01 
22   2950 -3.50943e+00 
22   2951 -1.93666e+00 
22   2952 +1.36183e+00 
22   2953 +1.51796e+00 
22   2954 +1.04226e+00 
22   2955 +1.47447e+00 
22   2956          NaN 
22   2957          NaN 
22   2958 +1.96161e+00 
22   2959 +4.88248e-01 
22   2960 +1.34875e+00 
22   2961 +9.72448e-01 
22   2962 +2.31002e+00 
22   2963 +1.58713e+00 
22   2964 -8.80425e-01 
22   2965 -2.12808e+00 
22   2966 -1.94605e+00 
22   2967 -3.24361e+00 
22   2968 -2.65013e+00 
22   2969 +7.29954e-01 
22   2970 -1.14285e+00 
22   2971 +8.55583e-01 
22   2972 +1.92375e+00 
22   2973 +2.39179e-01 
22   2974 +9.17555e-01 
22   2975 +1.19993e+00 
22   2976 +2.71917e+00 
22   2977 +7.20580e-01 
22   2978 +1.87256e+00 
22   2979 +2.93504e+00 
22   2980 +1.09813e+00 
22   2981 -8.39539e-01 
22   2982 -1.12938e+00 
22   2983 +8.49698e-01 
22   2984 +3.20164e+00 
22   2985 +2.39505e+00 
22   2986 +2.52176e+00 
22   2987 +1.35603e+00 
22   2988 +1.07972e+00 
22   2989 +2.98256e+00 
22   2990 +1.50641e+00 
22   2991 +1.13634e+00 
22   2992 +6.44185e-01 
22   2993 -2.14698e+00 
22   2994 -2.45197e-01 
22   2995 +2.47497e+00 
22   2996 +4.11220e-01 
22   2997 -7.39479e-01 
22   2998 +1.02228e+00 
22   2999 +7.37703e-02 
22   3000 +1.15241e+00 
22   3001 +2.72757e+00 
22   3002 +2.48502e+00 
22   3003 -1.04507e+00 
22   3004 -1.01388e+00 
22   3005 +7.65865e-01 
22   3006 -1.45265e+00 
22   3007 +1.56982e-01 
22   3008 +7.64460e-01 
22   3009 -4.13639e-01 
22   3010 -3.83549e-02 
22   3011 -1.49090e+00 
22   3012 +2.19175e+00 
22   3013 +1.04374e+00 
22   3014 -1.91816e+00 
22   3015 -3.22305e+00 
22   3016 -2.48924e+00 
22   3017 +1.35151e+00 
22   3018 +2.78322e+00 
22   3019 -6.63178e-01 
22   3020 -2.91527e-01 
22   3021 +1.10201e+00 
22   3022 +2.60347e+00 
22   3023 +3.07786e+00 
22   3024 +3.01219e+00 
22   3025 -7.04454e-02 
22   3026 -2.02421e+00 
22   3027 +1.45445e-01 
22   3028 -2.65059e+00 
22   3029 -3.90924e+00 
22   3030 -3.48676e+00 
22   3031 -3.05791e+00 
22   3032 -3.09346e+00 
22   3033 -3.06929e-01 
22   3034 +1.81756e+00 
22   3035 +1.04720e+00 
22   3036 +5.53789e-01 
22   3037 +4.79015e-01 
22   3038 +6.22383e-01 
22   3039 +3.26748e+00 
22   3040 +3.31308e+00 
22   3041 +2.35313e+00 
22   3042 +3.05505e+00 
22   3043 +2.76072e+00 
22   3044 -6.61407e-01 
22   3045 +5.01160e-01 
22   3046 -3.10475e-01 
22   3047 +1.31147e+00 
22   3048 +1.65675e+00 
22   3049 -3.33685e+00 
22   3050 -3.52985e+00 
22   3051 -6.48785e-02 
22   3052 -8.93662e-01 
